Kirchhoff Plate Uniform Load Example
289 1 1 1
1 1 1 1 0.000000 0.000000 0
2 1 1 1 0.500000 0.000000 0
3 1 1 1 1.000000 0.000000 0
4 1 1 1 1.500000 0.000000 0
5 1 1 1 2.000000 0.000000 0
6 1 1 1 2.500000 0.000000 0
7 1 1 1 3.000000 0.000000 0
8 1 1 1 3.500000 0.000000 0
9 1 1 1 4.000000 0.000000 0
10 1 1 1 4.500000 0.000000 0
11 1 1 1 5.000000 0.000000 0
12 1 1 1 5.500000 0.000000 0
13 1 1 1 6.000000 0.000000 0
14 1 1 1 6.500000 0.000000 0
15 1 1 1 7.000000 0.000000 0
16 1 1 1 7.500000 0.000000 0
17 1 1 1 8.000000 0.000000 0
18 1 1 1 0.000000 0.500000 0
19 0 0 0 0.500000 0.500000 0
20 0 0 0 1.000000 0.500000 0
21 0 0 0 1.500000 0.500000 0
22 0 0 0 2.000000 0.500000 0
23 0 0 0 2.500000 0.500000 0
24 0 0 0 3.000000 0.500000 0
25 0 0 0 3.500000 0.500000 0
26 0 0 0 4.000000 0.500000 0
27 0 0 0 4.500000 0.500000 0
28 0 0 0 5.000000 0.500000 0
29 0 0 0 5.500000 0.500000 0
30 0 0 0 6.000000 0.500000 0
31 0 0 0 6.500000 0.500000 0
32 0 0 0 7.000000 0.500000 0
33 0 0 0 7.500000 0.500000 0
34 1 1 1 8.000000 0.500000 0
35 1 1 1 0.000000 1.000000 0
36 0 0 0 0.500000 1.000000 0
37 0 0 0 1.000000 1.000000 0
38 0 0 0 1.500000 1.000000 0
39 0 0 0 2.000000 1.000000 0
40 0 0 0 2.500000 1.000000 0
41 0 0 0 3.000000 1.000000 0
42 0 0 0 3.500000 1.000000 0
43 0 0 0 4.000000 1.000000 0
44 0 0 0 4.500000 1.000000 0
45 0 0 0 5.000000 1.000000 0
46 0 0 0 5.500000 1.000000 0
47 0 0 0 6.000000 1.000000 0
48 0 0 0 6.500000 1.000000 0
49 0 0 0 7.000000 1.000000 0
50 0 0 0 7.500000 1.000000 0
51 1 1 1 8.000000 1.000000 0
52 1 1 1 0.000000 1.500000 0
53 0 0 0 0.500000 1.500000 0
54 0 0 0 1.000000 1.500000 0
55 0 0 0 1.500000 1.500000 0
56 0 0 0 2.000000 1.500000 0
57 0 0 0 2.500000 1.500000 0
58 0 0 0 3.000000 1.500000 0
59 0 0 0 3.500000 1.500000 0
60 0 0 0 4.000000 1.500000 0
61 0 0 0 4.500000 1.500000 0
62 0 0 0 5.000000 1.500000 0
63 0 0 0 5.500000 1.500000 0
64 0 0 0 6.000000 1.500000 0
65 0 0 0 6.500000 1.500000 0
66 0 0 0 7.000000 1.500000 0
67 0 0 0 7.500000 1.500000 0
68 1 1 1 8.000000 1.500000 0
69 1 1 1 0.000000 2.000000 0
70 0 0 0 0.500000 2.000000 0
71 0 0 0 1.000000 2.000000 0
72 0 0 0 1.500000 2.000000 0
73 0 0 0 2.000000 2.000000 0
74 0 0 0 2.500000 2.000000 0
75 0 0 0 3.000000 2.000000 0
76 0 0 0 3.500000 2.000000 0
77 0 0 0 4.000000 2.000000 0
78 0 0 0 4.500000 2.000000 0
79 0 0 0 5.000000 2.000000 0
80 0 0 0 5.500000 2.000000 0
81 0 0 0 6.000000 2.000000 0
82 0 0 0 6.500000 2.000000 0
83 0 0 0 7.000000 2.000000 0
84 0 0 0 7.500000 2.000000 0
85 1 1 1 8.000000 2.000000 0
86 1 1 1 0.000000 2.500000 0
87 0 0 0 0.500000 2.500000 0
88 0 0 0 1.000000 2.500000 0
89 0 0 0 1.500000 2.500000 0
90 0 0 0 2.000000 2.500000 0
91 0 0 0 2.500000 2.500000 0
92 0 0 0 3.000000 2.500000 0
93 0 0 0 3.500000 2.500000 0
94 0 0 0 4.000000 2.500000 0
95 0 0 0 4.500000 2.500000 0
96 0 0 0 5.000000 2.500000 0
97 0 0 0 5.500000 2.500000 0
98 0 0 0 6.000000 2.500000 0
99 0 0 0 6.500000 2.500000 0
100 0 0 0 7.000000 2.500000 0
101 0 0 0 7.500000 2.500000 0
102 1 1 1 8.000000 2.500000 0
103 1 1 1 0.000000 3.000000 0
104 0 0 0 0.500000 3.000000 0
105 0 0 0 1.000000 3.000000 0
106 0 0 0 1.500000 3.000000 0
107 0 0 0 2.000000 3.000000 0
108 0 0 0 2.500000 3.000000 0
109 0 0 0 3.000000 3.000000 0
110 0 0 0 3.500000 3.000000 0
111 0 0 0 4.000000 3.000000 0
112 0 0 0 4.500000 3.000000 0
113 0 0 0 5.000000 3.000000 0
114 0 0 0 5.500000 3.000000 0
115 0 0 0 6.000000 3.000000 0
116 0 0 0 6.500000 3.000000 0
117 0 0 0 7.000000 3.000000 0
118 0 0 0 7.500000 3.000000 0
119 1 1 1 8.000000 3.000000 0
120 1 1 1 0.000000 3.500000 0
121 0 0 0 0.500000 3.500000 0
122 0 0 0 1.000000 3.500000 0
123 0 0 0 1.500000 3.500000 0
124 0 0 0 2.000000 3.500000 0
125 0 0 0 2.500000 3.500000 0
126 0 0 0 3.000000 3.500000 0
127 0 0 0 3.500000 3.500000 0
128 0 0 0 4.000000 3.500000 0
129 0 0 0 4.500000 3.500000 0
130 0 0 0 5.000000 3.500000 0
131 0 0 0 5.500000 3.500000 0
132 0 0 0 6.000000 3.500000 0
133 0 0 0 6.500000 3.500000 0
134 0 0 0 7.000000 3.500000 0
135 0 0 0 7.500000 3.500000 0
136 1 1 1 8.000000 3.500000 0
137 1 1 1 0.000000 4.000000 0
138 0 0 0 0.500000 4.000000 0
139 0 0 0 1.000000 4.000000 0
140 0 0 0 1.500000 4.000000 0
141 0 0 0 2.000000 4.000000 0
142 0 0 0 2.500000 4.000000 0
143 0 0 0 3.000000 4.000000 0
144 0 0 0 3.500000 4.000000 0
145 0 0 0 4.000000 4.000000 0
146 0 0 0 4.500000 4.000000 0
147 0 0 0 5.000000 4.000000 0
148 0 0 0 5.500000 4.000000 0
149 0 0 0 6.000000 4.000000 0
150 0 0 0 6.500000 4.000000 0
151 0 0 0 7.000000 4.000000 0
152 0 0 0 7.500000 4.000000 0
153 1 1 1 8.000000 4.000000 0
154 1 1 1 0.000000 4.500000 0
155 0 0 0 0.500000 4.500000 0
156 0 0 0 1.000000 4.500000 0
157 0 0 0 1.500000 4.500000 0
158 0 0 0 2.000000 4.500000 0
159 0 0 0 2.500000 4.500000 0
160 0 0 0 3.000000 4.500000 0
161 0 0 0 3.500000 4.500000 0
162 0 0 0 4.000000 4.500000 0
163 0 0 0 4.500000 4.500000 0
164 0 0 0 5.000000 4.500000 0
165 0 0 0 5.500000 4.500000 0
166 0 0 0 6.000000 4.500000 0
167 0 0 0 6.500000 4.500000 0
168 0 0 0 7.000000 4.500000 0
169 0 0 0 7.500000 4.500000 0
170 1 1 1 8.000000 4.500000 0
171 1 1 1 0.000000 5.000000 0
172 0 0 0 0.500000 5.000000 0
173 0 0 0 1.000000 5.000000 0
174 0 0 0 1.500000 5.000000 0
175 0 0 0 2.000000 5.000000 0
176 0 0 0 2.500000 5.000000 0
177 0 0 0 3.000000 5.000000 0
178 0 0 0 3.500000 5.000000 0
179 0 0 0 4.000000 5.000000 0
180 0 0 0 4.500000 5.000000 0
181 0 0 0 5.000000 5.000000 0
182 0 0 0 5.500000 5.000000 0
183 0 0 0 6.000000 5.000000 0
184 0 0 0 6.500000 5.000000 0
185 0 0 0 7.000000 5.000000 0
186 0 0 0 7.500000 5.000000 0
187 1 1 1 8.000000 5.000000 0
188 1 1 1 0.000000 5.500000 0
189 0 0 0 0.500000 5.500000 0
190 0 0 0 1.000000 5.500000 0
191 0 0 0 1.500000 5.500000 0
192 0 0 0 2.000000 5.500000 0
193 0 0 0 2.500000 5.500000 0
194 0 0 0 3.000000 5.500000 0
195 0 0 0 3.500000 5.500000 0
196 0 0 0 4.000000 5.500000 0
197 0 0 0 4.500000 5.500000 0
198 0 0 0 5.000000 5.500000 0
199 0 0 0 5.500000 5.500000 0
200 0 0 0 6.000000 5.500000 0
201 0 0 0 6.500000 5.500000 0
202 0 0 0 7.000000 5.500000 0
203 0 0 0 7.500000 5.500000 0
204 1 1 1 8.000000 5.500000 0
205 1 1 1 0.000000 6.000000 0
206 0 0 0 0.500000 6.000000 0
207 0 0 0 1.000000 6.000000 0
208 0 0 0 1.500000 6.000000 0
209 0 0 0 2.000000 6.000000 0
210 0 0 0 2.500000 6.000000 0
211 0 0 0 3.000000 6.000000 0
212 0 0 0 3.500000 6.000000 0
213 0 0 0 4.000000 6.000000 0
214 0 0 0 4.500000 6.000000 0
215 0 0 0 5.000000 6.000000 0
216 0 0 0 5.500000 6.000000 0
217 0 0 0 6.000000 6.000000 0
218 0 0 0 6.500000 6.000000 0
219 0 0 0 7.000000 6.000000 0
220 0 0 0 7.500000 6.000000 0
221 1 1 1 8.000000 6.000000 0
222 1 1 1 0.000000 6.500000 0
223 0 0 0 0.500000 6.500000 0
224 0 0 0 1.000000 6.500000 0
225 0 0 0 1.500000 6.500000 0
226 0 0 0 2.000000 6.500000 0
227 0 0 0 2.500000 6.500000 0
228 0 0 0 3.000000 6.500000 0
229 0 0 0 3.500000 6.500000 0
230 0 0 0 4.000000 6.500000 0
231 0 0 0 4.500000 6.500000 0
232 0 0 0 5.000000 6.500000 0
233 0 0 0 5.500000 6.500000 0
234 0 0 0 6.000000 6.500000 0
235 0 0 0 6.500000 6.500000 0
236 0 0 0 7.000000 6.500000 0
237 0 0 0 7.500000 6.500000 0
238 1 1 1 8.000000 6.500000 0
239 1 1 1 0.000000 7.000000 0
240 0 0 0 0.500000 7.000000 0
241 0 0 0 1.000000 7.000000 0
242 0 0 0 1.500000 7.000000 0
243 0 0 0 2.000000 7.000000 0
244 0 0 0 2.500000 7.000000 0
245 0 0 0 3.000000 7.000000 0
246 0 0 0 3.500000 7.000000 0
247 0 0 0 4.000000 7.000000 0
248 0 0 0 4.500000 7.000000 0
249 0 0 0 5.000000 7.000000 0
250 0 0 0 5.500000 7.000000 0
251 0 0 0 6.000000 7.000000 0
252 0 0 0 6.500000 7.000000 0
253 0 0 0 7.000000 7.000000 0
254 0 0 0 7.500000 7.000000 0
255 1 1 1 8.000000 7.000000 0
256 1 1 1 0.000000 7.500000 0
257 0 0 0 0.500000 7.500000 0
258 0 0 0 1.000000 7.500000 0
259 0 0 0 1.500000 7.500000 0
260 0 0 0 2.000000 7.500000 0
261 0 0 0 2.500000 7.500000 0
262 0 0 0 3.000000 7.500000 0
263 0 0 0 3.500000 7.500000 0
264 0 0 0 4.000000 7.500000 0
265 0 0 0 4.500000 7.500000 0
266 0 0 0 5.000000 7.500000 0
267 0 0 0 5.500000 7.500000 0
268 0 0 0 6.000000 7.500000 0
269 0 0 0 6.500000 7.500000 0
270 0 0 0 7.000000 7.500000 0
271 0 0 0 7.500000 7.500000 0
272 1 1 1 8.000000 7.500000 0
273 1 1 1 0.000000 8.000000 0
274 1 1 1 0.500000 8.000000 0
275 1 1 1 1.000000 8.000000 0
276 1 1 1 1.500000 8.000000 0
277 1 1 1 2.000000 8.000000 0
278 1 1 1 2.500000 8.000000 0
279 1 1 1 3.000000 8.000000 0
280 1 1 1 3.500000 8.000000 0
281 1 1 1 4.000000 8.000000 0
282 1 1 1 4.500000 8.000000 0
283 1 1 1 5.000000 8.000000 0
284 1 1 1 5.500000 8.000000 0
285 1 1 1 6.000000 8.000000 0
286 1 1 1 6.500000 8.000000 0
287 1 1 1 7.000000 8.000000 0
288 1 1 1 7.500000 8.000000 0
289 1 1 1 8.000000 8.000000 0
1 327
1 1 -0.06250000
1 2 -0.00520833
1 3 0.00520833
2 1 -0.12500000
2 3 0.01041667
3 1 -0.12500000
3 3 0.01041667
4 1 -0.12500000
4 3 0.01041667
5 1 -0.12500000
5 3 0.01041667
6 1 -0.12500000
6 3 0.01041667
7 1 -0.12500000
7 3 0.01041667
8 1 -0.12500000
8 3 0.01041667
9 1 -0.12500000
9 3 0.01041667
10 1 -0.12500000
10 3 0.01041667
11 1 -0.12500000
11 3 0.01041667
12 1 -0.12500000
12 3 0.01041667
13 1 -0.12500000
13 3 0.01041667
14 1 -0.12500000
14 3 0.01041667
15 1 -0.12500000
15 3 0.01041667
16 1 -0.12500000
16 3 0.01041667
17 1 -0.06250000
17 2 0.00520833
17 3 0.00520833
18 1 -0.12500000
19 1 -0.25000000
20 1 -0.25000000
21 1 -0.25000000
22 1 -0.25000000
23 1 -0.25000000
24 1 -0.25000000
25 1 -0.25000000
26 1 -0.25000000
27 1 -0.25000000
28 1 -0.25000000
29 1 -0.25000000
30 1 -0.25000000
31 1 -0.25000000
32 1 -0.25000000
33 1 -0.25000000
34 1 -0.12500000
35 1 -0.12500000
36 1 -0.25000000
37 1 -0.25000000
38 1 -0.25000000
39 1 -0.25000000
40 1 -0.25000000
41 1 -0.25000000
42 1 -0.25000000
43 1 -0.25000000
44 1 -0.25000000
45 1 -0.25000000
46 1 -0.25000000
47 1 -0.25000000
48 1 -0.25000000
49 1 -0.25000000
50 1 -0.25000000
51 1 -0.12500000
52 1 -0.12500000
53 1 -0.25000000
54 1 -0.25000000
55 1 -0.25000000
56 1 -0.25000000
57 1 -0.25000000
58 1 -0.25000000
59 1 -0.25000000
60 1 -0.25000000
61 1 -0.25000000
62 1 -0.25000000
63 1 -0.25000000
64 1 -0.25000000
65 1 -0.25000000
66 1 -0.25000000
67 1 -0.25000000
68 1 -0.12500000
69 1 -0.12500000
70 1 -0.25000000
71 1 -0.25000000
72 1 -0.25000000
73 1 -0.25000000
74 1 -0.25000000
75 1 -0.25000000
76 1 -0.25000000
77 1 -0.25000000
78 1 -0.25000000
79 1 -0.25000000
80 1 -0.25000000
81 1 -0.25000000
82 1 -0.25000000
83 1 -0.25000000
84 1 -0.25000000
85 1 -0.12500000
86 1 -0.12500000
87 1 -0.25000000
88 1 -0.25000000
89 1 -0.25000000
90 1 -0.25000000
91 1 -0.25000000
92 1 -0.25000000
93 1 -0.25000000
94 1 -0.25000000
95 1 -0.25000000
96 1 -0.25000000
97 1 -0.25000000
98 1 -0.25000000
99 1 -0.25000000
100 1 -0.25000000
101 1 -0.25000000
102 1 -0.12500000
103 1 -0.12500000
104 1 -0.25000000
105 1 -0.25000000
106 1 -0.25000000
107 1 -0.25000000
108 1 -0.25000000
109 1 -0.25000000
110 1 -0.25000000
111 1 -0.25000000
112 1 -0.25000000
113 1 -0.25000000
114 1 -0.25000000
115 1 -0.25000000
116 1 -0.25000000
117 1 -0.25000000
118 1 -0.25000000
119 1 -0.12500000
120 1 -0.12500000
121 1 -0.25000000
122 1 -0.25000000
123 1 -0.25000000
124 1 -0.25000000
125 1 -0.25000000
126 1 -0.25000000
127 1 -0.25000000
128 1 -0.25000000
129 1 -0.25000000
130 1 -0.25000000
131 1 -0.25000000
132 1 -0.25000000
133 1 -0.25000000
134 1 -0.25000000
135 1 -0.25000000
136 1 -0.12500000
137 1 -0.12500000
138 1 -0.25000000
139 1 -0.25000000
140 1 -0.25000000
141 1 -0.25000000
142 1 -0.25000000
143 1 -0.25000000
144 1 -0.25000000
145 1 -0.25000000
146 1 -0.25000000
147 1 -0.25000000
148 1 -0.25000000
149 1 -0.25000000
150 1 -0.25000000
151 1 -0.25000000
152 1 -0.25000000
153 1 -0.12500000
154 1 -0.12500000
155 1 -0.25000000
156 1 -0.25000000
157 1 -0.25000000
158 1 -0.25000000
159 1 -0.25000000
160 1 -0.25000000
161 1 -0.25000000
162 1 -0.25000000
163 1 -0.25000000
164 1 -0.25000000
165 1 -0.25000000
166 1 -0.25000000
167 1 -0.25000000
168 1 -0.25000000
169 1 -0.25000000
170 1 -0.12500000
171 1 -0.12500000
172 1 -0.25000000
173 1 -0.25000000
174 1 -0.25000000
175 1 -0.25000000
176 1 -0.25000000
177 1 -0.25000000
178 1 -0.25000000
179 1 -0.25000000
180 1 -0.25000000
181 1 -0.25000000
182 1 -0.25000000
183 1 -0.25000000
184 1 -0.25000000
185 1 -0.25000000
186 1 -0.25000000
187 1 -0.12500000
188 1 -0.12500000
189 1 -0.25000000
190 1 -0.25000000
191 1 -0.25000000
192 1 -0.25000000
193 1 -0.25000000
194 1 -0.25000000
195 1 -0.25000000
196 1 -0.25000000
197 1 -0.25000000
198 1 -0.25000000
199 1 -0.25000000
200 1 -0.25000000
201 1 -0.25000000
202 1 -0.25000000
203 1 -0.25000000
204 1 -0.12500000
205 1 -0.12500000
206 1 -0.25000000
207 1 -0.25000000
208 1 -0.25000000
209 1 -0.25000000
210 1 -0.25000000
211 1 -0.25000000
212 1 -0.25000000
213 1 -0.25000000
214 1 -0.25000000
215 1 -0.25000000
216 1 -0.25000000
217 1 -0.25000000
218 1 -0.25000000
219 1 -0.25000000
220 1 -0.25000000
221 1 -0.12500000
222 1 -0.12500000
223 1 -0.25000000
224 1 -0.25000000
225 1 -0.25000000
226 1 -0.25000000
227 1 -0.25000000
228 1 -0.25000000
229 1 -0.25000000
230 1 -0.25000000
231 1 -0.25000000
232 1 -0.25000000
233 1 -0.25000000
234 1 -0.25000000
235 1 -0.25000000
236 1 -0.25000000
237 1 -0.25000000
238 1 -0.12500000
239 1 -0.12500000
240 1 -0.25000000
241 1 -0.25000000
242 1 -0.25000000
243 1 -0.25000000
244 1 -0.25000000
245 1 -0.25000000
246 1 -0.25000000
247 1 -0.25000000
248 1 -0.25000000
249 1 -0.25000000
250 1 -0.25000000
251 1 -0.25000000
252 1 -0.25000000
253 1 -0.25000000
254 1 -0.25000000
255 1 -0.12500000
256 1 -0.12500000
257 1 -0.25000000
258 1 -0.25000000
259 1 -0.25000000
260 1 -0.25000000
261 1 -0.25000000
262 1 -0.25000000
263 1 -0.25000000
264 1 -0.25000000
265 1 -0.25000000
266 1 -0.25000000
267 1 -0.25000000
268 1 -0.25000000
269 1 -0.25000000
270 1 -0.25000000
271 1 -0.25000000
272 1 -0.12500000
273 1 -0.06250000
273 2 0.00520833
273 3 -0.00520833
274 1 -0.12500000
274 3 -0.01041667
275 1 -0.12500000
275 3 -0.01041667
276 1 -0.12500000
276 3 -0.01041667
277 1 -0.12500000
277 3 -0.01041667
278 1 -0.12500000
278 3 -0.01041667
279 1 -0.12500000
279 3 -0.01041667
280 1 -0.12500000
280 3 -0.01041667
281 1 -0.12500000
281 3 -0.01041667
282 1 -0.12500000
282 3 -0.01041667
283 1 -0.12500000
283 3 -0.01041667
284 1 -0.12500000
284 3 -0.01041667
285 1 -0.12500000
285 3 -0.01041667
286 1 -0.12500000
286 3 -0.01041667
287 1 -0.12500000
287 3 -0.01041667
288 1 -0.12500000
288 3 -0.01041667
289 1 -0.06250000
289 2 -0.00520833
289 3 -0.00520833
6 256 1
1 200000000000.0 0.3 0.01
1 1 2 19 18 1
2 2 3 20 19 1
3 3 4 21 20 1
4 4 5 22 21 1
5 5 6 23 22 1
6 6 7 24 23 1
7 7 8 25 24 1
8 8 9 26 25 1
9 9 10 27 26 1
10 10 11 28 27 1
11 11 12 29 28 1
12 12 13 30 29 1
13 13 14 31 30 1
14 14 15 32 31 1
15 15 16 33 32 1
16 16 17 34 33 1
17 18 19 36 35 1
18 19 20 37 36 1
19 20 21 38 37 1
20 21 22 39 38 1
21 22 23 40 39 1
22 23 24 41 40 1
23 24 25 42 41 1
24 25 26 43 42 1
25 26 27 44 43 1
26 27 28 45 44 1
27 28 29 46 45 1
28 29 30 47 46 1
29 30 31 48 47 1
30 31 32 49 48 1
31 32 33 50 49 1
32 33 34 51 50 1
33 35 36 53 52 1
34 36 37 54 53 1
35 37 38 55 54 1
36 38 39 56 55 1
37 39 40 57 56 1
38 40 41 58 57 1
39 41 42 59 58 1
40 42 43 60 59 1
41 43 44 61 60 1
42 44 45 62 61 1
43 45 46 63 62 1
44 46 47 64 63 1
45 47 48 65 64 1
46 48 49 66 65 1
47 49 50 67 66 1
48 50 51 68 67 1
49 52 53 70 69 1
50 53 54 71 70 1
51 54 55 72 71 1
52 55 56 73 72 1
53 56 57 74 73 1
54 57 58 75 74 1
55 58 59 76 75 1
56 59 60 77 76 1
57 60 61 78 77 1
58 61 62 79 78 1
59 62 63 80 79 1
60 63 64 81 80 1
61 64 65 82 81 1
62 65 66 83 82 1
63 66 67 84 83 1
64 67 68 85 84 1
65 69 70 87 86 1
66 70 71 88 87 1
67 71 72 89 88 1
68 72 73 90 89 1
69 73 74 91 90 1
70 74 75 92 91 1
71 75 76 93 92 1
72 76 77 94 93 1
73 77 78 95 94 1
74 78 79 96 95 1
75 79 80 97 96 1
76 80 81 98 97 1
77 81 82 99 98 1
78 82 83 100 99 1
79 83 84 101 100 1
80 84 85 102 101 1
81 86 87 104 103 1
82 87 88 105 104 1
83 88 89 106 105 1
84 89 90 107 106 1
85 90 91 108 107 1
86 91 92 109 108 1
87 92 93 110 109 1
88 93 94 111 110 1
89 94 95 112 111 1
90 95 96 113 112 1
91 96 97 114 113 1
92 97 98 115 114 1
93 98 99 116 115 1
94 99 100 117 116 1
95 100 101 118 117 1
96 101 102 119 118 1
97 103 104 121 120 1
98 104 105 122 121 1
99 105 106 123 122 1
100 106 107 124 123 1
101 107 108 125 124 1
102 108 109 126 125 1
103 109 110 127 126 1
104 110 111 128 127 1
105 111 112 129 128 1
106 112 113 130 129 1
107 113 114 131 130 1
108 114 115 132 131 1
109 115 116 133 132 1
110 116 117 134 133 1
111 117 118 135 134 1
112 118 119 136 135 1
113 120 121 138 137 1
114 121 122 139 138 1
115 122 123 140 139 1
116 123 124 141 140 1
117 124 125 142 141 1
118 125 126 143 142 1
119 126 127 144 143 1
120 127 128 145 144 1
121 128 129 146 145 1
122 129 130 147 146 1
123 130 131 148 147 1
124 131 132 149 148 1
125 132 133 150 149 1
126 133 134 151 150 1
127 134 135 152 151 1
128 135 136 153 152 1
129 137 138 155 154 1
130 138 139 156 155 1
131 139 140 157 156 1
132 140 141 158 157 1
133 141 142 159 158 1
134 142 143 160 159 1
135 143 144 161 160 1
136 144 145 162 161 1
137 145 146 163 162 1
138 146 147 164 163 1
139 147 148 165 164 1
140 148 149 166 165 1
141 149 150 167 166 1
142 150 151 168 167 1
143 151 152 169 168 1
144 152 153 170 169 1
145 154 155 172 171 1
146 155 156 173 172 1
147 156 157 174 173 1
148 157 158 175 174 1
149 158 159 176 175 1
150 159 160 177 176 1
151 160 161 178 177 1
152 161 162 179 178 1
153 162 163 180 179 1
154 163 164 181 180 1
155 164 165 182 181 1
156 165 166 183 182 1
157 166 167 184 183 1
158 167 168 185 184 1
159 168 169 186 185 1
160 169 170 187 186 1
161 171 172 189 188 1
162 172 173 190 189 1
163 173 174 191 190 1
164 174 175 192 191 1
165 175 176 193 192 1
166 176 177 194 193 1
167 177 178 195 194 1
168 178 179 196 195 1
169 179 180 197 196 1
170 180 181 198 197 1
171 181 182 199 198 1
172 182 183 200 199 1
173 183 184 201 200 1
174 184 185 202 201 1
175 185 186 203 202 1
176 186 187 204 203 1
177 188 189 206 205 1
178 189 190 207 206 1
179 190 191 208 207 1
180 191 192 209 208 1
181 192 193 210 209 1
182 193 194 211 210 1
183 194 195 212 211 1
184 195 196 213 212 1
185 196 197 214 213 1
186 197 198 215 214 1
187 198 199 216 215 1
188 199 200 217 216 1
189 200 201 218 217 1
190 201 202 219 218 1
191 202 203 220 219 1
192 203 204 221 220 1
193 205 206 223 222 1
194 206 207 224 223 1
195 207 208 225 224 1
196 208 209 226 225 1
197 209 210 227 226 1
198 210 211 228 227 1
199 211 212 229 228 1
200 212 213 230 229 1
201 213 214 231 230 1
202 214 215 232 231 1
203 215 216 233 232 1
204 216 217 234 233 1
205 217 218 235 234 1
206 218 219 236 235 1
207 219 220 237 236 1
208 220 221 238 237 1
209 222 223 240 239 1
210 223 224 241 240 1
211 224 225 242 241 1
212 225 226 243 242 1
213 226 227 244 243 1
214 227 228 245 244 1
215 228 229 246 245 1
216 229 230 247 246 1
217 230 231 248 247 1
218 231 232 249 248 1
219 232 233 250 249 1
220 233 234 251 250 1
221 234 235 252 251 1
222 235 236 253 252 1
223 236 237 254 253 1
224 237 238 255 254 1
225 239 240 257 256 1
226 240 241 258 257 1
227 241 242 259 258 1
228 242 243 260 259 1
229 243 244 261 260 1
230 244 245 262 261 1
231 245 246 263 262 1
232 246 247 264 263 1
233 247 248 265 264 1
234 248 249 266 265 1
235 249 250 267 266 1
236 250 251 268 267 1
237 251 252 269 268 1
238 252 253 270 269 1
239 253 254 271 270 1
240 254 255 272 271 1
241 256 257 274 273 1
242 257 258 275 274 1
243 258 259 276 275 1
244 259 260 277 276 1
245 260 261 278 277 1
246 261 262 279 278 1
247 262 263 280 279 1
248 263 264 281 280 1
249 264 265 282 281 1
250 265 266 283 282 1
251 266 267 284 283 1
252 267 268 285 284 1
253 268 269 286 285 1
254 269 270 287 286 1
255 270 271 288 287 1
256 271 272 289 288 1