Kirchhoff Plate Uniform Load Example
1089 1 1 1
1 1 1 1 0.000000 0.000000 0
2 1 1 1 0.250000 0.000000 0
3 1 1 1 0.500000 0.000000 0
4 1 1 1 0.750000 0.000000 0
5 1 1 1 1.000000 0.000000 0
6 1 1 1 1.250000 0.000000 0
7 1 1 1 1.500000 0.000000 0
8 1 1 1 1.750000 0.000000 0
9 1 1 1 2.000000 0.000000 0
10 1 1 1 2.250000 0.000000 0
11 1 1 1 2.500000 0.000000 0
12 1 1 1 2.750000 0.000000 0
13 1 1 1 3.000000 0.000000 0
14 1 1 1 3.250000 0.000000 0
15 1 1 1 3.500000 0.000000 0
16 1 1 1 3.750000 0.000000 0
17 1 1 1 4.000000 0.000000 0
18 1 1 1 4.250000 0.000000 0
19 1 1 1 4.500000 0.000000 0
20 1 1 1 4.750000 0.000000 0
21 1 1 1 5.000000 0.000000 0
22 1 1 1 5.250000 0.000000 0
23 1 1 1 5.500000 0.000000 0
24 1 1 1 5.750000 0.000000 0
25 1 1 1 6.000000 0.000000 0
26 1 1 1 6.250000 0.000000 0
27 1 1 1 6.500000 0.000000 0
28 1 1 1 6.750000 0.000000 0
29 1 1 1 7.000000 0.000000 0
30 1 1 1 7.250000 0.000000 0
31 1 1 1 7.500000 0.000000 0
32 1 1 1 7.750000 0.000000 0
33 1 1 1 8.000000 0.000000 0
34 1 1 1 0.000000 0.250000 0
35 0 0 0 0.250000 0.250000 0
36 0 0 0 0.500000 0.250000 0
37 0 0 0 0.750000 0.250000 0
38 0 0 0 1.000000 0.250000 0
39 0 0 0 1.250000 0.250000 0
40 0 0 0 1.500000 0.250000 0
41 0 0 0 1.750000 0.250000 0
42 0 0 0 2.000000 0.250000 0
43 0 0 0 2.250000 0.250000 0
44 0 0 0 2.500000 0.250000 0
45 0 0 0 2.750000 0.250000 0
46 0 0 0 3.000000 0.250000 0
47 0 0 0 3.250000 0.250000 0
48 0 0 0 3.500000 0.250000 0
49 0 0 0 3.750000 0.250000 0
50 0 0 0 4.000000 0.250000 0
51 0 0 0 4.250000 0.250000 0
52 0 0 0 4.500000 0.250000 0
53 0 0 0 4.750000 0.250000 0
54 0 0 0 5.000000 0.250000 0
55 0 0 0 5.250000 0.250000 0
56 0 0 0 5.500000 0.250000 0
57 0 0 0 5.750000 0.250000 0
58 0 0 0 6.000000 0.250000 0
59 0 0 0 6.250000 0.250000 0
60 0 0 0 6.500000 0.250000 0
61 0 0 0 6.750000 0.250000 0
62 0 0 0 7.000000 0.250000 0
63 0 0 0 7.250000 0.250000 0
64 0 0 0 7.500000 0.250000 0
65 0 0 0 7.750000 0.250000 0
66 1 1 1 8.000000 0.250000 0
67 1 1 1 0.000000 0.500000 0
68 0 0 0 0.250000 0.500000 0
69 0 0 0 0.500000 0.500000 0
70 0 0 0 0.750000 0.500000 0
71 0 0 0 1.000000 0.500000 0
72 0 0 0 1.250000 0.500000 0
73 0 0 0 1.500000 0.500000 0
74 0 0 0 1.750000 0.500000 0
75 0 0 0 2.000000 0.500000 0
76 0 0 0 2.250000 0.500000 0
77 0 0 0 2.500000 0.500000 0
78 0 0 0 2.750000 0.500000 0
79 0 0 0 3.000000 0.500000 0
80 0 0 0 3.250000 0.500000 0
81 0 0 0 3.500000 0.500000 0
82 0 0 0 3.750000 0.500000 0
83 0 0 0 4.000000 0.500000 0
84 0 0 0 4.250000 0.500000 0
85 0 0 0 4.500000 0.500000 0
86 0 0 0 4.750000 0.500000 0
87 0 0 0 5.000000 0.500000 0
88 0 0 0 5.250000 0.500000 0
89 0 0 0 5.500000 0.500000 0
90 0 0 0 5.750000 0.500000 0
91 0 0 0 6.000000 0.500000 0
92 0 0 0 6.250000 0.500000 0
93 0 0 0 6.500000 0.500000 0
94 0 0 0 6.750000 0.500000 0
95 0 0 0 7.000000 0.500000 0
96 0 0 0 7.250000 0.500000 0
97 0 0 0 7.500000 0.500000 0
98 0 0 0 7.750000 0.500000 0
99 1 1 1 8.000000 0.500000 0
100 1 1 1 0.000000 0.750000 0
101 0 0 0 0.250000 0.750000 0
102 0 0 0 0.500000 0.750000 0
103 0 0 0 0.750000 0.750000 0
104 0 0 0 1.000000 0.750000 0
105 0 0 0 1.250000 0.750000 0
106 0 0 0 1.500000 0.750000 0
107 0 0 0 1.750000 0.750000 0
108 0 0 0 2.000000 0.750000 0
109 0 0 0 2.250000 0.750000 0
110 0 0 0 2.500000 0.750000 0
111 0 0 0 2.750000 0.750000 0
112 0 0 0 3.000000 0.750000 0
113 0 0 0 3.250000 0.750000 0
114 0 0 0 3.500000 0.750000 0
115 0 0 0 3.750000 0.750000 0
116 0 0 0 4.000000 0.750000 0
117 0 0 0 4.250000 0.750000 0
118 0 0 0 4.500000 0.750000 0
119 0 0 0 4.750000 0.750000 0
120 0 0 0 5.000000 0.750000 0
121 0 0 0 5.250000 0.750000 0
122 0 0 0 5.500000 0.750000 0
123 0 0 0 5.750000 0.750000 0
124 0 0 0 6.000000 0.750000 0
125 0 0 0 6.250000 0.750000 0
126 0 0 0 6.500000 0.750000 0
127 0 0 0 6.750000 0.750000 0
128 0 0 0 7.000000 0.750000 0
129 0 0 0 7.250000 0.750000 0
130 0 0 0 7.500000 0.750000 0
131 0 0 0 7.750000 0.750000 0
132 1 1 1 8.000000 0.750000 0
133 1 1 1 0.000000 1.000000 0
134 0 0 0 0.250000 1.000000 0
135 0 0 0 0.500000 1.000000 0
136 0 0 0 0.750000 1.000000 0
137 0 0 0 1.000000 1.000000 0
138 0 0 0 1.250000 1.000000 0
139 0 0 0 1.500000 1.000000 0
140 0 0 0 1.750000 1.000000 0
141 0 0 0 2.000000 1.000000 0
142 0 0 0 2.250000 1.000000 0
143 0 0 0 2.500000 1.000000 0
144 0 0 0 2.750000 1.000000 0
145 0 0 0 3.000000 1.000000 0
146 0 0 0 3.250000 1.000000 0
147 0 0 0 3.500000 1.000000 0
148 0 0 0 3.750000 1.000000 0
149 0 0 0 4.000000 1.000000 0
150 0 0 0 4.250000 1.000000 0
151 0 0 0 4.500000 1.000000 0
152 0 0 0 4.750000 1.000000 0
153 0 0 0 5.000000 1.000000 0
154 0 0 0 5.250000 1.000000 0
155 0 0 0 5.500000 1.000000 0
156 0 0 0 5.750000 1.000000 0
157 0 0 0 6.000000 1.000000 0
158 0 0 0 6.250000 1.000000 0
159 0 0 0 6.500000 1.000000 0
160 0 0 0 6.750000 1.000000 0
161 0 0 0 7.000000 1.000000 0
162 0 0 0 7.250000 1.000000 0
163 0 0 0 7.500000 1.000000 0
164 0 0 0 7.750000 1.000000 0
165 1 1 1 8.000000 1.000000 0
166 1 1 1 0.000000 1.250000 0
167 0 0 0 0.250000 1.250000 0
168 0 0 0 0.500000 1.250000 0
169 0 0 0 0.750000 1.250000 0
170 0 0 0 1.000000 1.250000 0
171 0 0 0 1.250000 1.250000 0
172 0 0 0 1.500000 1.250000 0
173 0 0 0 1.750000 1.250000 0
174 0 0 0 2.000000 1.250000 0
175 0 0 0 2.250000 1.250000 0
176 0 0 0 2.500000 1.250000 0
177 0 0 0 2.750000 1.250000 0
178 0 0 0 3.000000 1.250000 0
179 0 0 0 3.250000 1.250000 0
180 0 0 0 3.500000 1.250000 0
181 0 0 0 3.750000 1.250000 0
182 0 0 0 4.000000 1.250000 0
183 0 0 0 4.250000 1.250000 0
184 0 0 0 4.500000 1.250000 0
185 0 0 0 4.750000 1.250000 0
186 0 0 0 5.000000 1.250000 0
187 0 0 0 5.250000 1.250000 0
188 0 0 0 5.500000 1.250000 0
189 0 0 0 5.750000 1.250000 0
190 0 0 0 6.000000 1.250000 0
191 0 0 0 6.250000 1.250000 0
192 0 0 0 6.500000 1.250000 0
193 0 0 0 6.750000 1.250000 0
194 0 0 0 7.000000 1.250000 0
195 0 0 0 7.250000 1.250000 0
196 0 0 0 7.500000 1.250000 0
197 0 0 0 7.750000 1.250000 0
198 1 1 1 8.000000 1.250000 0
199 1 1 1 0.000000 1.500000 0
200 0 0 0 0.250000 1.500000 0
201 0 0 0 0.500000 1.500000 0
202 0 0 0 0.750000 1.500000 0
203 0 0 0 1.000000 1.500000 0
204 0 0 0 1.250000 1.500000 0
205 0 0 0 1.500000 1.500000 0
206 0 0 0 1.750000 1.500000 0
207 0 0 0 2.000000 1.500000 0
208 0 0 0 2.250000 1.500000 0
209 0 0 0 2.500000 1.500000 0
210 0 0 0 2.750000 1.500000 0
211 0 0 0 3.000000 1.500000 0
212 0 0 0 3.250000 1.500000 0
213 0 0 0 3.500000 1.500000 0
214 0 0 0 3.750000 1.500000 0
215 0 0 0 4.000000 1.500000 0
216 0 0 0 4.250000 1.500000 0
217 0 0 0 4.500000 1.500000 0
218 0 0 0 4.750000 1.500000 0
219 0 0 0 5.000000 1.500000 0
220 0 0 0 5.250000 1.500000 0
221 0 0 0 5.500000 1.500000 0
222 0 0 0 5.750000 1.500000 0
223 0 0 0 6.000000 1.500000 0
224 0 0 0 6.250000 1.500000 0
225 0 0 0 6.500000 1.500000 0
226 0 0 0 6.750000 1.500000 0
227 0 0 0 7.000000 1.500000 0
228 0 0 0 7.250000 1.500000 0
229 0 0 0 7.500000 1.500000 0
230 0 0 0 7.750000 1.500000 0
231 1 1 1 8.000000 1.500000 0
232 1 1 1 0.000000 1.750000 0
233 0 0 0 0.250000 1.750000 0
234 0 0 0 0.500000 1.750000 0
235 0 0 0 0.750000 1.750000 0
236 0 0 0 1.000000 1.750000 0
237 0 0 0 1.250000 1.750000 0
238 0 0 0 1.500000 1.750000 0
239 0 0 0 1.750000 1.750000 0
240 0 0 0 2.000000 1.750000 0
241 0 0 0 2.250000 1.750000 0
242 0 0 0 2.500000 1.750000 0
243 0 0 0 2.750000 1.750000 0
244 0 0 0 3.000000 1.750000 0
245 0 0 0 3.250000 1.750000 0
246 0 0 0 3.500000 1.750000 0
247 0 0 0 3.750000 1.750000 0
248 0 0 0 4.000000 1.750000 0
249 0 0 0 4.250000 1.750000 0
250 0 0 0 4.500000 1.750000 0
251 0 0 0 4.750000 1.750000 0
252 0 0 0 5.000000 1.750000 0
253 0 0 0 5.250000 1.750000 0
254 0 0 0 5.500000 1.750000 0
255 0 0 0 5.750000 1.750000 0
256 0 0 0 6.000000 1.750000 0
257 0 0 0 6.250000 1.750000 0
258 0 0 0 6.500000 1.750000 0
259 0 0 0 6.750000 1.750000 0
260 0 0 0 7.000000 1.750000 0
261 0 0 0 7.250000 1.750000 0
262 0 0 0 7.500000 1.750000 0
263 0 0 0 7.750000 1.750000 0
264 1 1 1 8.000000 1.750000 0
265 1 1 1 0.000000 2.000000 0
266 0 0 0 0.250000 2.000000 0
267 0 0 0 0.500000 2.000000 0
268 0 0 0 0.750000 2.000000 0
269 0 0 0 1.000000 2.000000 0
270 0 0 0 1.250000 2.000000 0
271 0 0 0 1.500000 2.000000 0
272 0 0 0 1.750000 2.000000 0
273 0 0 0 2.000000 2.000000 0
274 0 0 0 2.250000 2.000000 0
275 0 0 0 2.500000 2.000000 0
276 0 0 0 2.750000 2.000000 0
277 0 0 0 3.000000 2.000000 0
278 0 0 0 3.250000 2.000000 0
279 0 0 0 3.500000 2.000000 0
280 0 0 0 3.750000 2.000000 0
281 0 0 0 4.000000 2.000000 0
282 0 0 0 4.250000 2.000000 0
283 0 0 0 4.500000 2.000000 0
284 0 0 0 4.750000 2.000000 0
285 0 0 0 5.000000 2.000000 0
286 0 0 0 5.250000 2.000000 0
287 0 0 0 5.500000 2.000000 0
288 0 0 0 5.750000 2.000000 0
289 0 0 0 6.000000 2.000000 0
290 0 0 0 6.250000 2.000000 0
291 0 0 0 6.500000 2.000000 0
292 0 0 0 6.750000 2.000000 0
293 0 0 0 7.000000 2.000000 0
294 0 0 0 7.250000 2.000000 0
295 0 0 0 7.500000 2.000000 0
296 0 0 0 7.750000 2.000000 0
297 1 1 1 8.000000 2.000000 0
298 1 1 1 0.000000 2.250000 0
299 0 0 0 0.250000 2.250000 0
300 0 0 0 0.500000 2.250000 0
301 0 0 0 0.750000 2.250000 0
302 0 0 0 1.000000 2.250000 0
303 0 0 0 1.250000 2.250000 0
304 0 0 0 1.500000 2.250000 0
305 0 0 0 1.750000 2.250000 0
306 0 0 0 2.000000 2.250000 0
307 0 0 0 2.250000 2.250000 0
308 0 0 0 2.500000 2.250000 0
309 0 0 0 2.750000 2.250000 0
310 0 0 0 3.000000 2.250000 0
311 0 0 0 3.250000 2.250000 0
312 0 0 0 3.500000 2.250000 0
313 0 0 0 3.750000 2.250000 0
314 0 0 0 4.000000 2.250000 0
315 0 0 0 4.250000 2.250000 0
316 0 0 0 4.500000 2.250000 0
317 0 0 0 4.750000 2.250000 0
318 0 0 0 5.000000 2.250000 0
319 0 0 0 5.250000 2.250000 0
320 0 0 0 5.500000 2.250000 0
321 0 0 0 5.750000 2.250000 0
322 0 0 0 6.000000 2.250000 0
323 0 0 0 6.250000 2.250000 0
324 0 0 0 6.500000 2.250000 0
325 0 0 0 6.750000 2.250000 0
326 0 0 0 7.000000 2.250000 0
327 0 0 0 7.250000 2.250000 0
328 0 0 0 7.500000 2.250000 0
329 0 0 0 7.750000 2.250000 0
330 1 1 1 8.000000 2.250000 0
331 1 1 1 0.000000 2.500000 0
332 0 0 0 0.250000 2.500000 0
333 0 0 0 0.500000 2.500000 0
334 0 0 0 0.750000 2.500000 0
335 0 0 0 1.000000 2.500000 0
336 0 0 0 1.250000 2.500000 0
337 0 0 0 1.500000 2.500000 0
338 0 0 0 1.750000 2.500000 0
339 0 0 0 2.000000 2.500000 0
340 0 0 0 2.250000 2.500000 0
341 0 0 0 2.500000 2.500000 0
342 0 0 0 2.750000 2.500000 0
343 0 0 0 3.000000 2.500000 0
344 0 0 0 3.250000 2.500000 0
345 0 0 0 3.500000 2.500000 0
346 0 0 0 3.750000 2.500000 0
347 0 0 0 4.000000 2.500000 0
348 0 0 0 4.250000 2.500000 0
349 0 0 0 4.500000 2.500000 0
350 0 0 0 4.750000 2.500000 0
351 0 0 0 5.000000 2.500000 0
352 0 0 0 5.250000 2.500000 0
353 0 0 0 5.500000 2.500000 0
354 0 0 0 5.750000 2.500000 0
355 0 0 0 6.000000 2.500000 0
356 0 0 0 6.250000 2.500000 0
357 0 0 0 6.500000 2.500000 0
358 0 0 0 6.750000 2.500000 0
359 0 0 0 7.000000 2.500000 0
360 0 0 0 7.250000 2.500000 0
361 0 0 0 7.500000 2.500000 0
362 0 0 0 7.750000 2.500000 0
363 1 1 1 8.000000 2.500000 0
364 1 1 1 0.000000 2.750000 0
365 0 0 0 0.250000 2.750000 0
366 0 0 0 0.500000 2.750000 0
367 0 0 0 0.750000 2.750000 0
368 0 0 0 1.000000 2.750000 0
369 0 0 0 1.250000 2.750000 0
370 0 0 0 1.500000 2.750000 0
371 0 0 0 1.750000 2.750000 0
372 0 0 0 2.000000 2.750000 0
373 0 0 0 2.250000 2.750000 0
374 0 0 0 2.500000 2.750000 0
375 0 0 0 2.750000 2.750000 0
376 0 0 0 3.000000 2.750000 0
377 0 0 0 3.250000 2.750000 0
378 0 0 0 3.500000 2.750000 0
379 0 0 0 3.750000 2.750000 0
380 0 0 0 4.000000 2.750000 0
381 0 0 0 4.250000 2.750000 0
382 0 0 0 4.500000 2.750000 0
383 0 0 0 4.750000 2.750000 0
384 0 0 0 5.000000 2.750000 0
385 0 0 0 5.250000 2.750000 0
386 0 0 0 5.500000 2.750000 0
387 0 0 0 5.750000 2.750000 0
388 0 0 0 6.000000 2.750000 0
389 0 0 0 6.250000 2.750000 0
390 0 0 0 6.500000 2.750000 0
391 0 0 0 6.750000 2.750000 0
392 0 0 0 7.000000 2.750000 0
393 0 0 0 7.250000 2.750000 0
394 0 0 0 7.500000 2.750000 0
395 0 0 0 7.750000 2.750000 0
396 1 1 1 8.000000 2.750000 0
397 1 1 1 0.000000 3.000000 0
398 0 0 0 0.250000 3.000000 0
399 0 0 0 0.500000 3.000000 0
400 0 0 0 0.750000 3.000000 0
401 0 0 0 1.000000 3.000000 0
402 0 0 0 1.250000 3.000000 0
403 0 0 0 1.500000 3.000000 0
404 0 0 0 1.750000 3.000000 0
405 0 0 0 2.000000 3.000000 0
406 0 0 0 2.250000 3.000000 0
407 0 0 0 2.500000 3.000000 0
408 0 0 0 2.750000 3.000000 0
409 0 0 0 3.000000 3.000000 0
410 0 0 0 3.250000 3.000000 0
411 0 0 0 3.500000 3.000000 0
412 0 0 0 3.750000 3.000000 0
413 0 0 0 4.000000 3.000000 0
414 0 0 0 4.250000 3.000000 0
415 0 0 0 4.500000 3.000000 0
416 0 0 0 4.750000 3.000000 0
417 0 0 0 5.000000 3.000000 0
418 0 0 0 5.250000 3.000000 0
419 0 0 0 5.500000 3.000000 0
420 0 0 0 5.750000 3.000000 0
421 0 0 0 6.000000 3.000000 0
422 0 0 0 6.250000 3.000000 0
423 0 0 0 6.500000 3.000000 0
424 0 0 0 6.750000 3.000000 0
425 0 0 0 7.000000 3.000000 0
426 0 0 0 7.250000 3.000000 0
427 0 0 0 7.500000 3.000000 0
428 0 0 0 7.750000 3.000000 0
429 1 1 1 8.000000 3.000000 0
430 1 1 1 0.000000 3.250000 0
431 0 0 0 0.250000 3.250000 0
432 0 0 0 0.500000 3.250000 0
433 0 0 0 0.750000 3.250000 0
434 0 0 0 1.000000 3.250000 0
435 0 0 0 1.250000 3.250000 0
436 0 0 0 1.500000 3.250000 0
437 0 0 0 1.750000 3.250000 0
438 0 0 0 2.000000 3.250000 0
439 0 0 0 2.250000 3.250000 0
440 0 0 0 2.500000 3.250000 0
441 0 0 0 2.750000 3.250000 0
442 0 0 0 3.000000 3.250000 0
443 0 0 0 3.250000 3.250000 0
444 0 0 0 3.500000 3.250000 0
445 0 0 0 3.750000 3.250000 0
446 0 0 0 4.000000 3.250000 0
447 0 0 0 4.250000 3.250000 0
448 0 0 0 4.500000 3.250000 0
449 0 0 0 4.750000 3.250000 0
450 0 0 0 5.000000 3.250000 0
451 0 0 0 5.250000 3.250000 0
452 0 0 0 5.500000 3.250000 0
453 0 0 0 5.750000 3.250000 0
454 0 0 0 6.000000 3.250000 0
455 0 0 0 6.250000 3.250000 0
456 0 0 0 6.500000 3.250000 0
457 0 0 0 6.750000 3.250000 0
458 0 0 0 7.000000 3.250000 0
459 0 0 0 7.250000 3.250000 0
460 0 0 0 7.500000 3.250000 0
461 0 0 0 7.750000 3.250000 0
462 1 1 1 8.000000 3.250000 0
463 1 1 1 0.000000 3.500000 0
464 0 0 0 0.250000 3.500000 0
465 0 0 0 0.500000 3.500000 0
466 0 0 0 0.750000 3.500000 0
467 0 0 0 1.000000 3.500000 0
468 0 0 0 1.250000 3.500000 0
469 0 0 0 1.500000 3.500000 0
470 0 0 0 1.750000 3.500000 0
471 0 0 0 2.000000 3.500000 0
472 0 0 0 2.250000 3.500000 0
473 0 0 0 2.500000 3.500000 0
474 0 0 0 2.750000 3.500000 0
475 0 0 0 3.000000 3.500000 0
476 0 0 0 3.250000 3.500000 0
477 0 0 0 3.500000 3.500000 0
478 0 0 0 3.750000 3.500000 0
479 0 0 0 4.000000 3.500000 0
480 0 0 0 4.250000 3.500000 0
481 0 0 0 4.500000 3.500000 0
482 0 0 0 4.750000 3.500000 0
483 0 0 0 5.000000 3.500000 0
484 0 0 0 5.250000 3.500000 0
485 0 0 0 5.500000 3.500000 0
486 0 0 0 5.750000 3.500000 0
487 0 0 0 6.000000 3.500000 0
488 0 0 0 6.250000 3.500000 0
489 0 0 0 6.500000 3.500000 0
490 0 0 0 6.750000 3.500000 0
491 0 0 0 7.000000 3.500000 0
492 0 0 0 7.250000 3.500000 0
493 0 0 0 7.500000 3.500000 0
494 0 0 0 7.750000 3.500000 0
495 1 1 1 8.000000 3.500000 0
496 1 1 1 0.000000 3.750000 0
497 0 0 0 0.250000 3.750000 0
498 0 0 0 0.500000 3.750000 0
499 0 0 0 0.750000 3.750000 0
500 0 0 0 1.000000 3.750000 0
501 0 0 0 1.250000 3.750000 0
502 0 0 0 1.500000 3.750000 0
503 0 0 0 1.750000 3.750000 0
504 0 0 0 2.000000 3.750000 0
505 0 0 0 2.250000 3.750000 0
506 0 0 0 2.500000 3.750000 0
507 0 0 0 2.750000 3.750000 0
508 0 0 0 3.000000 3.750000 0
509 0 0 0 3.250000 3.750000 0
510 0 0 0 3.500000 3.750000 0
511 0 0 0 3.750000 3.750000 0
512 0 0 0 4.000000 3.750000 0
513 0 0 0 4.250000 3.750000 0
514 0 0 0 4.500000 3.750000 0
515 0 0 0 4.750000 3.750000 0
516 0 0 0 5.000000 3.750000 0
517 0 0 0 5.250000 3.750000 0
518 0 0 0 5.500000 3.750000 0
519 0 0 0 5.750000 3.750000 0
520 0 0 0 6.000000 3.750000 0
521 0 0 0 6.250000 3.750000 0
522 0 0 0 6.500000 3.750000 0
523 0 0 0 6.750000 3.750000 0
524 0 0 0 7.000000 3.750000 0
525 0 0 0 7.250000 3.750000 0
526 0 0 0 7.500000 3.750000 0
527 0 0 0 7.750000 3.750000 0
528 1 1 1 8.000000 3.750000 0
529 1 1 1 0.000000 4.000000 0
530 0 0 0 0.250000 4.000000 0
531 0 0 0 0.500000 4.000000 0
532 0 0 0 0.750000 4.000000 0
533 0 0 0 1.000000 4.000000 0
534 0 0 0 1.250000 4.000000 0
535 0 0 0 1.500000 4.000000 0
536 0 0 0 1.750000 4.000000 0
537 0 0 0 2.000000 4.000000 0
538 0 0 0 2.250000 4.000000 0
539 0 0 0 2.500000 4.000000 0
540 0 0 0 2.750000 4.000000 0
541 0 0 0 3.000000 4.000000 0
542 0 0 0 3.250000 4.000000 0
543 0 0 0 3.500000 4.000000 0
544 0 0 0 3.750000 4.000000 0
545 0 0 0 4.000000 4.000000 0
546 0 0 0 4.250000 4.000000 0
547 0 0 0 4.500000 4.000000 0
548 0 0 0 4.750000 4.000000 0
549 0 0 0 5.000000 4.000000 0
550 0 0 0 5.250000 4.000000 0
551 0 0 0 5.500000 4.000000 0
552 0 0 0 5.750000 4.000000 0
553 0 0 0 6.000000 4.000000 0
554 0 0 0 6.250000 4.000000 0
555 0 0 0 6.500000 4.000000 0
556 0 0 0 6.750000 4.000000 0
557 0 0 0 7.000000 4.000000 0
558 0 0 0 7.250000 4.000000 0
559 0 0 0 7.500000 4.000000 0
560 0 0 0 7.750000 4.000000 0
561 1 1 1 8.000000 4.000000 0
562 1 1 1 0.000000 4.250000 0
563 0 0 0 0.250000 4.250000 0
564 0 0 0 0.500000 4.250000 0
565 0 0 0 0.750000 4.250000 0
566 0 0 0 1.000000 4.250000 0
567 0 0 0 1.250000 4.250000 0
568 0 0 0 1.500000 4.250000 0
569 0 0 0 1.750000 4.250000 0
570 0 0 0 2.000000 4.250000 0
571 0 0 0 2.250000 4.250000 0
572 0 0 0 2.500000 4.250000 0
573 0 0 0 2.750000 4.250000 0
574 0 0 0 3.000000 4.250000 0
575 0 0 0 3.250000 4.250000 0
576 0 0 0 3.500000 4.250000 0
577 0 0 0 3.750000 4.250000 0
578 0 0 0 4.000000 4.250000 0
579 0 0 0 4.250000 4.250000 0
580 0 0 0 4.500000 4.250000 0
581 0 0 0 4.750000 4.250000 0
582 0 0 0 5.000000 4.250000 0
583 0 0 0 5.250000 4.250000 0
584 0 0 0 5.500000 4.250000 0
585 0 0 0 5.750000 4.250000 0
586 0 0 0 6.000000 4.250000 0
587 0 0 0 6.250000 4.250000 0
588 0 0 0 6.500000 4.250000 0
589 0 0 0 6.750000 4.250000 0
590 0 0 0 7.000000 4.250000 0
591 0 0 0 7.250000 4.250000 0
592 0 0 0 7.500000 4.250000 0
593 0 0 0 7.750000 4.250000 0
594 1 1 1 8.000000 4.250000 0
595 1 1 1 0.000000 4.500000 0
596 0 0 0 0.250000 4.500000 0
597 0 0 0 0.500000 4.500000 0
598 0 0 0 0.750000 4.500000 0
599 0 0 0 1.000000 4.500000 0
600 0 0 0 1.250000 4.500000 0
601 0 0 0 1.500000 4.500000 0
602 0 0 0 1.750000 4.500000 0
603 0 0 0 2.000000 4.500000 0
604 0 0 0 2.250000 4.500000 0
605 0 0 0 2.500000 4.500000 0
606 0 0 0 2.750000 4.500000 0
607 0 0 0 3.000000 4.500000 0
608 0 0 0 3.250000 4.500000 0
609 0 0 0 3.500000 4.500000 0
610 0 0 0 3.750000 4.500000 0
611 0 0 0 4.000000 4.500000 0
612 0 0 0 4.250000 4.500000 0
613 0 0 0 4.500000 4.500000 0
614 0 0 0 4.750000 4.500000 0
615 0 0 0 5.000000 4.500000 0
616 0 0 0 5.250000 4.500000 0
617 0 0 0 5.500000 4.500000 0
618 0 0 0 5.750000 4.500000 0
619 0 0 0 6.000000 4.500000 0
620 0 0 0 6.250000 4.500000 0
621 0 0 0 6.500000 4.500000 0
622 0 0 0 6.750000 4.500000 0
623 0 0 0 7.000000 4.500000 0
624 0 0 0 7.250000 4.500000 0
625 0 0 0 7.500000 4.500000 0
626 0 0 0 7.750000 4.500000 0
627 1 1 1 8.000000 4.500000 0
628 1 1 1 0.000000 4.750000 0
629 0 0 0 0.250000 4.750000 0
630 0 0 0 0.500000 4.750000 0
631 0 0 0 0.750000 4.750000 0
632 0 0 0 1.000000 4.750000 0
633 0 0 0 1.250000 4.750000 0
634 0 0 0 1.500000 4.750000 0
635 0 0 0 1.750000 4.750000 0
636 0 0 0 2.000000 4.750000 0
637 0 0 0 2.250000 4.750000 0
638 0 0 0 2.500000 4.750000 0
639 0 0 0 2.750000 4.750000 0
640 0 0 0 3.000000 4.750000 0
641 0 0 0 3.250000 4.750000 0
642 0 0 0 3.500000 4.750000 0
643 0 0 0 3.750000 4.750000 0
644 0 0 0 4.000000 4.750000 0
645 0 0 0 4.250000 4.750000 0
646 0 0 0 4.500000 4.750000 0
647 0 0 0 4.750000 4.750000 0
648 0 0 0 5.000000 4.750000 0
649 0 0 0 5.250000 4.750000 0
650 0 0 0 5.500000 4.750000 0
651 0 0 0 5.750000 4.750000 0
652 0 0 0 6.000000 4.750000 0
653 0 0 0 6.250000 4.750000 0
654 0 0 0 6.500000 4.750000 0
655 0 0 0 6.750000 4.750000 0
656 0 0 0 7.000000 4.750000 0
657 0 0 0 7.250000 4.750000 0
658 0 0 0 7.500000 4.750000 0
659 0 0 0 7.750000 4.750000 0
660 1 1 1 8.000000 4.750000 0
661 1 1 1 0.000000 5.000000 0
662 0 0 0 0.250000 5.000000 0
663 0 0 0 0.500000 5.000000 0
664 0 0 0 0.750000 5.000000 0
665 0 0 0 1.000000 5.000000 0
666 0 0 0 1.250000 5.000000 0
667 0 0 0 1.500000 5.000000 0
668 0 0 0 1.750000 5.000000 0
669 0 0 0 2.000000 5.000000 0
670 0 0 0 2.250000 5.000000 0
671 0 0 0 2.500000 5.000000 0
672 0 0 0 2.750000 5.000000 0
673 0 0 0 3.000000 5.000000 0
674 0 0 0 3.250000 5.000000 0
675 0 0 0 3.500000 5.000000 0
676 0 0 0 3.750000 5.000000 0
677 0 0 0 4.000000 5.000000 0
678 0 0 0 4.250000 5.000000 0
679 0 0 0 4.500000 5.000000 0
680 0 0 0 4.750000 5.000000 0
681 0 0 0 5.000000 5.000000 0
682 0 0 0 5.250000 5.000000 0
683 0 0 0 5.500000 5.000000 0
684 0 0 0 5.750000 5.000000 0
685 0 0 0 6.000000 5.000000 0
686 0 0 0 6.250000 5.000000 0
687 0 0 0 6.500000 5.000000 0
688 0 0 0 6.750000 5.000000 0
689 0 0 0 7.000000 5.000000 0
690 0 0 0 7.250000 5.000000 0
691 0 0 0 7.500000 5.000000 0
692 0 0 0 7.750000 5.000000 0
693 1 1 1 8.000000 5.000000 0
694 1 1 1 0.000000 5.250000 0
695 0 0 0 0.250000 5.250000 0
696 0 0 0 0.500000 5.250000 0
697 0 0 0 0.750000 5.250000 0
698 0 0 0 1.000000 5.250000 0
699 0 0 0 1.250000 5.250000 0
700 0 0 0 1.500000 5.250000 0
701 0 0 0 1.750000 5.250000 0
702 0 0 0 2.000000 5.250000 0
703 0 0 0 2.250000 5.250000 0
704 0 0 0 2.500000 5.250000 0
705 0 0 0 2.750000 5.250000 0
706 0 0 0 3.000000 5.250000 0
707 0 0 0 3.250000 5.250000 0
708 0 0 0 3.500000 5.250000 0
709 0 0 0 3.750000 5.250000 0
710 0 0 0 4.000000 5.250000 0
711 0 0 0 4.250000 5.250000 0
712 0 0 0 4.500000 5.250000 0
713 0 0 0 4.750000 5.250000 0
714 0 0 0 5.000000 5.250000 0
715 0 0 0 5.250000 5.250000 0
716 0 0 0 5.500000 5.250000 0
717 0 0 0 5.750000 5.250000 0
718 0 0 0 6.000000 5.250000 0
719 0 0 0 6.250000 5.250000 0
720 0 0 0 6.500000 5.250000 0
721 0 0 0 6.750000 5.250000 0
722 0 0 0 7.000000 5.250000 0
723 0 0 0 7.250000 5.250000 0
724 0 0 0 7.500000 5.250000 0
725 0 0 0 7.750000 5.250000 0
726 1 1 1 8.000000 5.250000 0
727 1 1 1 0.000000 5.500000 0
728 0 0 0 0.250000 5.500000 0
729 0 0 0 0.500000 5.500000 0
730 0 0 0 0.750000 5.500000 0
731 0 0 0 1.000000 5.500000 0
732 0 0 0 1.250000 5.500000 0
733 0 0 0 1.500000 5.500000 0
734 0 0 0 1.750000 5.500000 0
735 0 0 0 2.000000 5.500000 0
736 0 0 0 2.250000 5.500000 0
737 0 0 0 2.500000 5.500000 0
738 0 0 0 2.750000 5.500000 0
739 0 0 0 3.000000 5.500000 0
740 0 0 0 3.250000 5.500000 0
741 0 0 0 3.500000 5.500000 0
742 0 0 0 3.750000 5.500000 0
743 0 0 0 4.000000 5.500000 0
744 0 0 0 4.250000 5.500000 0
745 0 0 0 4.500000 5.500000 0
746 0 0 0 4.750000 5.500000 0
747 0 0 0 5.000000 5.500000 0
748 0 0 0 5.250000 5.500000 0
749 0 0 0 5.500000 5.500000 0
750 0 0 0 5.750000 5.500000 0
751 0 0 0 6.000000 5.500000 0
752 0 0 0 6.250000 5.500000 0
753 0 0 0 6.500000 5.500000 0
754 0 0 0 6.750000 5.500000 0
755 0 0 0 7.000000 5.500000 0
756 0 0 0 7.250000 5.500000 0
757 0 0 0 7.500000 5.500000 0
758 0 0 0 7.750000 5.500000 0
759 1 1 1 8.000000 5.500000 0
760 1 1 1 0.000000 5.750000 0
761 0 0 0 0.250000 5.750000 0
762 0 0 0 0.500000 5.750000 0
763 0 0 0 0.750000 5.750000 0
764 0 0 0 1.000000 5.750000 0
765 0 0 0 1.250000 5.750000 0
766 0 0 0 1.500000 5.750000 0
767 0 0 0 1.750000 5.750000 0
768 0 0 0 2.000000 5.750000 0
769 0 0 0 2.250000 5.750000 0
770 0 0 0 2.500000 5.750000 0
771 0 0 0 2.750000 5.750000 0
772 0 0 0 3.000000 5.750000 0
773 0 0 0 3.250000 5.750000 0
774 0 0 0 3.500000 5.750000 0
775 0 0 0 3.750000 5.750000 0
776 0 0 0 4.000000 5.750000 0
777 0 0 0 4.250000 5.750000 0
778 0 0 0 4.500000 5.750000 0
779 0 0 0 4.750000 5.750000 0
780 0 0 0 5.000000 5.750000 0
781 0 0 0 5.250000 5.750000 0
782 0 0 0 5.500000 5.750000 0
783 0 0 0 5.750000 5.750000 0
784 0 0 0 6.000000 5.750000 0
785 0 0 0 6.250000 5.750000 0
786 0 0 0 6.500000 5.750000 0
787 0 0 0 6.750000 5.750000 0
788 0 0 0 7.000000 5.750000 0
789 0 0 0 7.250000 5.750000 0
790 0 0 0 7.500000 5.750000 0
791 0 0 0 7.750000 5.750000 0
792 1 1 1 8.000000 5.750000 0
793 1 1 1 0.000000 6.000000 0
794 0 0 0 0.250000 6.000000 0
795 0 0 0 0.500000 6.000000 0
796 0 0 0 0.750000 6.000000 0
797 0 0 0 1.000000 6.000000 0
798 0 0 0 1.250000 6.000000 0
799 0 0 0 1.500000 6.000000 0
800 0 0 0 1.750000 6.000000 0
801 0 0 0 2.000000 6.000000 0
802 0 0 0 2.250000 6.000000 0
803 0 0 0 2.500000 6.000000 0
804 0 0 0 2.750000 6.000000 0
805 0 0 0 3.000000 6.000000 0
806 0 0 0 3.250000 6.000000 0
807 0 0 0 3.500000 6.000000 0
808 0 0 0 3.750000 6.000000 0
809 0 0 0 4.000000 6.000000 0
810 0 0 0 4.250000 6.000000 0
811 0 0 0 4.500000 6.000000 0
812 0 0 0 4.750000 6.000000 0
813 0 0 0 5.000000 6.000000 0
814 0 0 0 5.250000 6.000000 0
815 0 0 0 5.500000 6.000000 0
816 0 0 0 5.750000 6.000000 0
817 0 0 0 6.000000 6.000000 0
818 0 0 0 6.250000 6.000000 0
819 0 0 0 6.500000 6.000000 0
820 0 0 0 6.750000 6.000000 0
821 0 0 0 7.000000 6.000000 0
822 0 0 0 7.250000 6.000000 0
823 0 0 0 7.500000 6.000000 0
824 0 0 0 7.750000 6.000000 0
825 1 1 1 8.000000 6.000000 0
826 1 1 1 0.000000 6.250000 0
827 0 0 0 0.250000 6.250000 0
828 0 0 0 0.500000 6.250000 0
829 0 0 0 0.750000 6.250000 0
830 0 0 0 1.000000 6.250000 0
831 0 0 0 1.250000 6.250000 0
832 0 0 0 1.500000 6.250000 0
833 0 0 0 1.750000 6.250000 0
834 0 0 0 2.000000 6.250000 0
835 0 0 0 2.250000 6.250000 0
836 0 0 0 2.500000 6.250000 0
837 0 0 0 2.750000 6.250000 0
838 0 0 0 3.000000 6.250000 0
839 0 0 0 3.250000 6.250000 0
840 0 0 0 3.500000 6.250000 0
841 0 0 0 3.750000 6.250000 0
842 0 0 0 4.000000 6.250000 0
843 0 0 0 4.250000 6.250000 0
844 0 0 0 4.500000 6.250000 0
845 0 0 0 4.750000 6.250000 0
846 0 0 0 5.000000 6.250000 0
847 0 0 0 5.250000 6.250000 0
848 0 0 0 5.500000 6.250000 0
849 0 0 0 5.750000 6.250000 0
850 0 0 0 6.000000 6.250000 0
851 0 0 0 6.250000 6.250000 0
852 0 0 0 6.500000 6.250000 0
853 0 0 0 6.750000 6.250000 0
854 0 0 0 7.000000 6.250000 0
855 0 0 0 7.250000 6.250000 0
856 0 0 0 7.500000 6.250000 0
857 0 0 0 7.750000 6.250000 0
858 1 1 1 8.000000 6.250000 0
859 1 1 1 0.000000 6.500000 0
860 0 0 0 0.250000 6.500000 0
861 0 0 0 0.500000 6.500000 0
862 0 0 0 0.750000 6.500000 0
863 0 0 0 1.000000 6.500000 0
864 0 0 0 1.250000 6.500000 0
865 0 0 0 1.500000 6.500000 0
866 0 0 0 1.750000 6.500000 0
867 0 0 0 2.000000 6.500000 0
868 0 0 0 2.250000 6.500000 0
869 0 0 0 2.500000 6.500000 0
870 0 0 0 2.750000 6.500000 0
871 0 0 0 3.000000 6.500000 0
872 0 0 0 3.250000 6.500000 0
873 0 0 0 3.500000 6.500000 0
874 0 0 0 3.750000 6.500000 0
875 0 0 0 4.000000 6.500000 0
876 0 0 0 4.250000 6.500000 0
877 0 0 0 4.500000 6.500000 0
878 0 0 0 4.750000 6.500000 0
879 0 0 0 5.000000 6.500000 0
880 0 0 0 5.250000 6.500000 0
881 0 0 0 5.500000 6.500000 0
882 0 0 0 5.750000 6.500000 0
883 0 0 0 6.000000 6.500000 0
884 0 0 0 6.250000 6.500000 0
885 0 0 0 6.500000 6.500000 0
886 0 0 0 6.750000 6.500000 0
887 0 0 0 7.000000 6.500000 0
888 0 0 0 7.250000 6.500000 0
889 0 0 0 7.500000 6.500000 0
890 0 0 0 7.750000 6.500000 0
891 1 1 1 8.000000 6.500000 0
892 1 1 1 0.000000 6.750000 0
893 0 0 0 0.250000 6.750000 0
894 0 0 0 0.500000 6.750000 0
895 0 0 0 0.750000 6.750000 0
896 0 0 0 1.000000 6.750000 0
897 0 0 0 1.250000 6.750000 0
898 0 0 0 1.500000 6.750000 0
899 0 0 0 1.750000 6.750000 0
900 0 0 0 2.000000 6.750000 0
901 0 0 0 2.250000 6.750000 0
902 0 0 0 2.500000 6.750000 0
903 0 0 0 2.750000 6.750000 0
904 0 0 0 3.000000 6.750000 0
905 0 0 0 3.250000 6.750000 0
906 0 0 0 3.500000 6.750000 0
907 0 0 0 3.750000 6.750000 0
908 0 0 0 4.000000 6.750000 0
909 0 0 0 4.250000 6.750000 0
910 0 0 0 4.500000 6.750000 0
911 0 0 0 4.750000 6.750000 0
912 0 0 0 5.000000 6.750000 0
913 0 0 0 5.250000 6.750000 0
914 0 0 0 5.500000 6.750000 0
915 0 0 0 5.750000 6.750000 0
916 0 0 0 6.000000 6.750000 0
917 0 0 0 6.250000 6.750000 0
918 0 0 0 6.500000 6.750000 0
919 0 0 0 6.750000 6.750000 0
920 0 0 0 7.000000 6.750000 0
921 0 0 0 7.250000 6.750000 0
922 0 0 0 7.500000 6.750000 0
923 0 0 0 7.750000 6.750000 0
924 1 1 1 8.000000 6.750000 0
925 1 1 1 0.000000 7.000000 0
926 0 0 0 0.250000 7.000000 0
927 0 0 0 0.500000 7.000000 0
928 0 0 0 0.750000 7.000000 0
929 0 0 0 1.000000 7.000000 0
930 0 0 0 1.250000 7.000000 0
931 0 0 0 1.500000 7.000000 0
932 0 0 0 1.750000 7.000000 0
933 0 0 0 2.000000 7.000000 0
934 0 0 0 2.250000 7.000000 0
935 0 0 0 2.500000 7.000000 0
936 0 0 0 2.750000 7.000000 0
937 0 0 0 3.000000 7.000000 0
938 0 0 0 3.250000 7.000000 0
939 0 0 0 3.500000 7.000000 0
940 0 0 0 3.750000 7.000000 0
941 0 0 0 4.000000 7.000000 0
942 0 0 0 4.250000 7.000000 0
943 0 0 0 4.500000 7.000000 0
944 0 0 0 4.750000 7.000000 0
945 0 0 0 5.000000 7.000000 0
946 0 0 0 5.250000 7.000000 0
947 0 0 0 5.500000 7.000000 0
948 0 0 0 5.750000 7.000000 0
949 0 0 0 6.000000 7.000000 0
950 0 0 0 6.250000 7.000000 0
951 0 0 0 6.500000 7.000000 0
952 0 0 0 6.750000 7.000000 0
953 0 0 0 7.000000 7.000000 0
954 0 0 0 7.250000 7.000000 0
955 0 0 0 7.500000 7.000000 0
956 0 0 0 7.750000 7.000000 0
957 1 1 1 8.000000 7.000000 0
958 1 1 1 0.000000 7.250000 0
959 0 0 0 0.250000 7.250000 0
960 0 0 0 0.500000 7.250000 0
961 0 0 0 0.750000 7.250000 0
962 0 0 0 1.000000 7.250000 0
963 0 0 0 1.250000 7.250000 0
964 0 0 0 1.500000 7.250000 0
965 0 0 0 1.750000 7.250000 0
966 0 0 0 2.000000 7.250000 0
967 0 0 0 2.250000 7.250000 0
968 0 0 0 2.500000 7.250000 0
969 0 0 0 2.750000 7.250000 0
970 0 0 0 3.000000 7.250000 0
971 0 0 0 3.250000 7.250000 0
972 0 0 0 3.500000 7.250000 0
973 0 0 0 3.750000 7.250000 0
974 0 0 0 4.000000 7.250000 0
975 0 0 0 4.250000 7.250000 0
976 0 0 0 4.500000 7.250000 0
977 0 0 0 4.750000 7.250000 0
978 0 0 0 5.000000 7.250000 0
979 0 0 0 5.250000 7.250000 0
980 0 0 0 5.500000 7.250000 0
981 0 0 0 5.750000 7.250000 0
982 0 0 0 6.000000 7.250000 0
983 0 0 0 6.250000 7.250000 0
984 0 0 0 6.500000 7.250000 0
985 0 0 0 6.750000 7.250000 0
986 0 0 0 7.000000 7.250000 0
987 0 0 0 7.250000 7.250000 0
988 0 0 0 7.500000 7.250000 0
989 0 0 0 7.750000 7.250000 0
990 1 1 1 8.000000 7.250000 0
991 1 1 1 0.000000 7.500000 0
992 0 0 0 0.250000 7.500000 0
993 0 0 0 0.500000 7.500000 0
994 0 0 0 0.750000 7.500000 0
995 0 0 0 1.000000 7.500000 0
996 0 0 0 1.250000 7.500000 0
997 0 0 0 1.500000 7.500000 0
998 0 0 0 1.750000 7.500000 0
999 0 0 0 2.000000 7.500000 0
1000 0 0 0 2.250000 7.500000 0
1001 0 0 0 2.500000 7.500000 0
1002 0 0 0 2.750000 7.500000 0
1003 0 0 0 3.000000 7.500000 0
1004 0 0 0 3.250000 7.500000 0
1005 0 0 0 3.500000 7.500000 0
1006 0 0 0 3.750000 7.500000 0
1007 0 0 0 4.000000 7.500000 0
1008 0 0 0 4.250000 7.500000 0
1009 0 0 0 4.500000 7.500000 0
1010 0 0 0 4.750000 7.500000 0
1011 0 0 0 5.000000 7.500000 0
1012 0 0 0 5.250000 7.500000 0
1013 0 0 0 5.500000 7.500000 0
1014 0 0 0 5.750000 7.500000 0
1015 0 0 0 6.000000 7.500000 0
1016 0 0 0 6.250000 7.500000 0
1017 0 0 0 6.500000 7.500000 0
1018 0 0 0 6.750000 7.500000 0
1019 0 0 0 7.000000 7.500000 0
1020 0 0 0 7.250000 7.500000 0
1021 0 0 0 7.500000 7.500000 0
1022 0 0 0 7.750000 7.500000 0
1023 1 1 1 8.000000 7.500000 0
1024 1 1 1 0.000000 7.750000 0
1025 0 0 0 0.250000 7.750000 0
1026 0 0 0 0.500000 7.750000 0
1027 0 0 0 0.750000 7.750000 0
1028 0 0 0 1.000000 7.750000 0
1029 0 0 0 1.250000 7.750000 0
1030 0 0 0 1.500000 7.750000 0
1031 0 0 0 1.750000 7.750000 0
1032 0 0 0 2.000000 7.750000 0
1033 0 0 0 2.250000 7.750000 0
1034 0 0 0 2.500000 7.750000 0
1035 0 0 0 2.750000 7.750000 0
1036 0 0 0 3.000000 7.750000 0
1037 0 0 0 3.250000 7.750000 0
1038 0 0 0 3.500000 7.750000 0
1039 0 0 0 3.750000 7.750000 0
1040 0 0 0 4.000000 7.750000 0
1041 0 0 0 4.250000 7.750000 0
1042 0 0 0 4.500000 7.750000 0
1043 0 0 0 4.750000 7.750000 0
1044 0 0 0 5.000000 7.750000 0
1045 0 0 0 5.250000 7.750000 0
1046 0 0 0 5.500000 7.750000 0
1047 0 0 0 5.750000 7.750000 0
1048 0 0 0 6.000000 7.750000 0
1049 0 0 0 6.250000 7.750000 0
1050 0 0 0 6.500000 7.750000 0
1051 0 0 0 6.750000 7.750000 0
1052 0 0 0 7.000000 7.750000 0
1053 0 0 0 7.250000 7.750000 0
1054 0 0 0 7.500000 7.750000 0
1055 0 0 0 7.750000 7.750000 0
1056 1 1 1 8.000000 7.750000 0
1057 1 1 1 0.000000 8.000000 0
1058 1 1 1 0.250000 8.000000 0
1059 1 1 1 0.500000 8.000000 0
1060 1 1 1 0.750000 8.000000 0
1061 1 1 1 1.000000 8.000000 0
1062 1 1 1 1.250000 8.000000 0
1063 1 1 1 1.500000 8.000000 0
1064 1 1 1 1.750000 8.000000 0
1065 1 1 1 2.000000 8.000000 0
1066 1 1 1 2.250000 8.000000 0
1067 1 1 1 2.500000 8.000000 0
1068 1 1 1 2.750000 8.000000 0
1069 1 1 1 3.000000 8.000000 0
1070 1 1 1 3.250000 8.000000 0
1071 1 1 1 3.500000 8.000000 0
1072 1 1 1 3.750000 8.000000 0
1073 1 1 1 4.000000 8.000000 0
1074 1 1 1 4.250000 8.000000 0
1075 1 1 1 4.500000 8.000000 0
1076 1 1 1 4.750000 8.000000 0
1077 1 1 1 5.000000 8.000000 0
1078 1 1 1 5.250000 8.000000 0
1079 1 1 1 5.500000 8.000000 0
1080 1 1 1 5.750000 8.000000 0
1081 1 1 1 6.000000 8.000000 0
1082 1 1 1 6.250000 8.000000 0
1083 1 1 1 6.500000 8.000000 0
1084 1 1 1 6.750000 8.000000 0
1085 1 1 1 7.000000 8.000000 0
1086 1 1 1 7.250000 8.000000 0
1087 1 1 1 7.500000 8.000000 0
1088 1 1 1 7.750000 8.000000 0
1089 1 1 1 8.000000 8.000000 0
1 1159
1 1 -0.01562500
1 2 -0.00065104
1 3 0.00065104
2 1 -0.03125000
2 3 0.00130208
3 1 -0.03125000
3 3 0.00130208
4 1 -0.03125000
4 3 0.00130208
5 1 -0.03125000
5 3 0.00130208
6 1 -0.03125000
6 3 0.00130208
7 1 -0.03125000
7 3 0.00130208
8 1 -0.03125000
8 3 0.00130208
9 1 -0.03125000
9 3 0.00130208
10 1 -0.03125000
10 3 0.00130208
11 1 -0.03125000
11 3 0.00130208
12 1 -0.03125000
12 3 0.00130208
13 1 -0.03125000
13 3 0.00130208
14 1 -0.03125000
14 3 0.00130208
15 1 -0.03125000
15 3 0.00130208
16 1 -0.03125000
16 3 0.00130208
17 1 -0.03125000
17 3 0.00130208
18 1 -0.03125000
18 3 0.00130208
19 1 -0.03125000
19 3 0.00130208
20 1 -0.03125000
20 3 0.00130208
21 1 -0.03125000
21 3 0.00130208
22 1 -0.03125000
22 3 0.00130208
23 1 -0.03125000
23 3 0.00130208
24 1 -0.03125000
24 3 0.00130208
25 1 -0.03125000
25 3 0.00130208
26 1 -0.03125000
26 3 0.00130208
27 1 -0.03125000
27 3 0.00130208
28 1 -0.03125000
28 3 0.00130208
29 1 -0.03125000
29 3 0.00130208
30 1 -0.03125000
30 3 0.00130208
31 1 -0.03125000
31 3 0.00130208
32 1 -0.03125000
32 3 0.00130208
33 1 -0.01562500
33 2 0.00065104
33 3 0.00065104
34 1 -0.03125000
35 1 -0.06250000
36 1 -0.06250000
37 1 -0.06250000
38 1 -0.06250000
39 1 -0.06250000
40 1 -0.06250000
41 1 -0.06250000
42 1 -0.06250000
43 1 -0.06250000
44 1 -0.06250000
45 1 -0.06250000
46 1 -0.06250000
47 1 -0.06250000
48 1 -0.06250000
49 1 -0.06250000
50 1 -0.06250000
51 1 -0.06250000
52 1 -0.06250000
53 1 -0.06250000
54 1 -0.06250000
55 1 -0.06250000
56 1 -0.06250000
57 1 -0.06250000
58 1 -0.06250000
59 1 -0.06250000
60 1 -0.06250000
61 1 -0.06250000
62 1 -0.06250000
63 1 -0.06250000
64 1 -0.06250000
65 1 -0.06250000
66 1 -0.03125000
67 1 -0.03125000
68 1 -0.06250000
69 1 -0.06250000
70 1 -0.06250000
71 1 -0.06250000
72 1 -0.06250000
73 1 -0.06250000
74 1 -0.06250000
75 1 -0.06250000
76 1 -0.06250000
77 1 -0.06250000
78 1 -0.06250000
79 1 -0.06250000
80 1 -0.06250000
81 1 -0.06250000
82 1 -0.06250000
83 1 -0.06250000
84 1 -0.06250000
85 1 -0.06250000
86 1 -0.06250000
87 1 -0.06250000
88 1 -0.06250000
89 1 -0.06250000
90 1 -0.06250000
91 1 -0.06250000
92 1 -0.06250000
93 1 -0.06250000
94 1 -0.06250000
95 1 -0.06250000
96 1 -0.06250000
97 1 -0.06250000
98 1 -0.06250000
99 1 -0.03125000
100 1 -0.03125000
101 1 -0.06250000
102 1 -0.06250000
103 1 -0.06250000
104 1 -0.06250000
105 1 -0.06250000
106 1 -0.06250000
107 1 -0.06250000
108 1 -0.06250000
109 1 -0.06250000
110 1 -0.06250000
111 1 -0.06250000
112 1 -0.06250000
113 1 -0.06250000
114 1 -0.06250000
115 1 -0.06250000
116 1 -0.06250000
117 1 -0.06250000
118 1 -0.06250000
119 1 -0.06250000
120 1 -0.06250000
121 1 -0.06250000
122 1 -0.06250000
123 1 -0.06250000
124 1 -0.06250000
125 1 -0.06250000
126 1 -0.06250000
127 1 -0.06250000
128 1 -0.06250000
129 1 -0.06250000
130 1 -0.06250000
131 1 -0.06250000
132 1 -0.03125000
133 1 -0.03125000
134 1 -0.06250000
135 1 -0.06250000
136 1 -0.06250000
137 1 -0.06250000
138 1 -0.06250000
139 1 -0.06250000
140 1 -0.06250000
141 1 -0.06250000
142 1 -0.06250000
143 1 -0.06250000
144 1 -0.06250000
145 1 -0.06250000
146 1 -0.06250000
147 1 -0.06250000
148 1 -0.06250000
149 1 -0.06250000
150 1 -0.06250000
151 1 -0.06250000
152 1 -0.06250000
153 1 -0.06250000
154 1 -0.06250000
155 1 -0.06250000
156 1 -0.06250000
157 1 -0.06250000
158 1 -0.06250000
159 1 -0.06250000
160 1 -0.06250000
161 1 -0.06250000
162 1 -0.06250000
163 1 -0.06250000
164 1 -0.06250000
165 1 -0.03125000
166 1 -0.03125000
167 1 -0.06250000
168 1 -0.06250000
169 1 -0.06250000
170 1 -0.06250000
171 1 -0.06250000
172 1 -0.06250000
173 1 -0.06250000
174 1 -0.06250000
175 1 -0.06250000
176 1 -0.06250000
177 1 -0.06250000
178 1 -0.06250000
179 1 -0.06250000
180 1 -0.06250000
181 1 -0.06250000
182 1 -0.06250000
183 1 -0.06250000
184 1 -0.06250000
185 1 -0.06250000
186 1 -0.06250000
187 1 -0.06250000
188 1 -0.06250000
189 1 -0.06250000
190 1 -0.06250000
191 1 -0.06250000
192 1 -0.06250000
193 1 -0.06250000
194 1 -0.06250000
195 1 -0.06250000
196 1 -0.06250000
197 1 -0.06250000
198 1 -0.03125000
199 1 -0.03125000
200 1 -0.06250000
201 1 -0.06250000
202 1 -0.06250000
203 1 -0.06250000
204 1 -0.06250000
205 1 -0.06250000
206 1 -0.06250000
207 1 -0.06250000
208 1 -0.06250000
209 1 -0.06250000
210 1 -0.06250000
211 1 -0.06250000
212 1 -0.06250000
213 1 -0.06250000
214 1 -0.06250000
215 1 -0.06250000
216 1 -0.06250000
217 1 -0.06250000
218 1 -0.06250000
219 1 -0.06250000
220 1 -0.06250000
221 1 -0.06250000
222 1 -0.06250000
223 1 -0.06250000
224 1 -0.06250000
225 1 -0.06250000
226 1 -0.06250000
227 1 -0.06250000
228 1 -0.06250000
229 1 -0.06250000
230 1 -0.06250000
231 1 -0.03125000
232 1 -0.03125000
233 1 -0.06250000
234 1 -0.06250000
235 1 -0.06250000
236 1 -0.06250000
237 1 -0.06250000
238 1 -0.06250000
239 1 -0.06250000
240 1 -0.06250000
241 1 -0.06250000
242 1 -0.06250000
243 1 -0.06250000
244 1 -0.06250000
245 1 -0.06250000
246 1 -0.06250000
247 1 -0.06250000
248 1 -0.06250000
249 1 -0.06250000
250 1 -0.06250000
251 1 -0.06250000
252 1 -0.06250000
253 1 -0.06250000
254 1 -0.06250000
255 1 -0.06250000
256 1 -0.06250000
257 1 -0.06250000
258 1 -0.06250000
259 1 -0.06250000
260 1 -0.06250000
261 1 -0.06250000
262 1 -0.06250000
263 1 -0.06250000
264 1 -0.03125000
265 1 -0.03125000
266 1 -0.06250000
267 1 -0.06250000
268 1 -0.06250000
269 1 -0.06250000
270 1 -0.06250000
271 1 -0.06250000
272 1 -0.06250000
273 1 -0.06250000
274 1 -0.06250000
275 1 -0.06250000
276 1 -0.06250000
277 1 -0.06250000
278 1 -0.06250000
279 1 -0.06250000
280 1 -0.06250000
281 1 -0.06250000
282 1 -0.06250000
283 1 -0.06250000
284 1 -0.06250000
285 1 -0.06250000
286 1 -0.06250000
287 1 -0.06250000
288 1 -0.06250000
289 1 -0.06250000
290 1 -0.06250000
291 1 -0.06250000
292 1 -0.06250000
293 1 -0.06250000
294 1 -0.06250000
295 1 -0.06250000
296 1 -0.06250000
297 1 -0.03125000
298 1 -0.03125000
299 1 -0.06250000
300 1 -0.06250000
301 1 -0.06250000
302 1 -0.06250000
303 1 -0.06250000
304 1 -0.06250000
305 1 -0.06250000
306 1 -0.06250000
307 1 -0.06250000
308 1 -0.06250000
309 1 -0.06250000
310 1 -0.06250000
311 1 -0.06250000
312 1 -0.06250000
313 1 -0.06250000
314 1 -0.06250000
315 1 -0.06250000
316 1 -0.06250000
317 1 -0.06250000
318 1 -0.06250000
319 1 -0.06250000
320 1 -0.06250000
321 1 -0.06250000
322 1 -0.06250000
323 1 -0.06250000
324 1 -0.06250000
325 1 -0.06250000
326 1 -0.06250000
327 1 -0.06250000
328 1 -0.06250000
329 1 -0.06250000
330 1 -0.03125000
331 1 -0.03125000
332 1 -0.06250000
333 1 -0.06250000
334 1 -0.06250000
335 1 -0.06250000
336 1 -0.06250000
337 1 -0.06250000
338 1 -0.06250000
339 1 -0.06250000
340 1 -0.06250000
341 1 -0.06250000
342 1 -0.06250000
343 1 -0.06250000
344 1 -0.06250000
345 1 -0.06250000
346 1 -0.06250000
347 1 -0.06250000
348 1 -0.06250000
349 1 -0.06250000
350 1 -0.06250000
351 1 -0.06250000
352 1 -0.06250000
353 1 -0.06250000
354 1 -0.06250000
355 1 -0.06250000
356 1 -0.06250000
357 1 -0.06250000
358 1 -0.06250000
359 1 -0.06250000
360 1 -0.06250000
361 1 -0.06250000
362 1 -0.06250000
363 1 -0.03125000
364 1 -0.03125000
365 1 -0.06250000
366 1 -0.06250000
367 1 -0.06250000
368 1 -0.06250000
369 1 -0.06250000
370 1 -0.06250000
371 1 -0.06250000
372 1 -0.06250000
373 1 -0.06250000
374 1 -0.06250000
375 1 -0.06250000
376 1 -0.06250000
377 1 -0.06250000
378 1 -0.06250000
379 1 -0.06250000
380 1 -0.06250000
381 1 -0.06250000
382 1 -0.06250000
383 1 -0.06250000
384 1 -0.06250000
385 1 -0.06250000
386 1 -0.06250000
387 1 -0.06250000
388 1 -0.06250000
389 1 -0.06250000
390 1 -0.06250000
391 1 -0.06250000
392 1 -0.06250000
393 1 -0.06250000
394 1 -0.06250000
395 1 -0.06250000
396 1 -0.03125000
397 1 -0.03125000
398 1 -0.06250000
399 1 -0.06250000
400 1 -0.06250000
401 1 -0.06250000
402 1 -0.06250000
403 1 -0.06250000
404 1 -0.06250000
405 1 -0.06250000
406 1 -0.06250000
407 1 -0.06250000
408 1 -0.06250000
409 1 -0.06250000
410 1 -0.06250000
411 1 -0.06250000
412 1 -0.06250000
413 1 -0.06250000
414 1 -0.06250000
415 1 -0.06250000
416 1 -0.06250000
417 1 -0.06250000
418 1 -0.06250000
419 1 -0.06250000
420 1 -0.06250000
421 1 -0.06250000
422 1 -0.06250000
423 1 -0.06250000
424 1 -0.06250000
425 1 -0.06250000
426 1 -0.06250000
427 1 -0.06250000
428 1 -0.06250000
429 1 -0.03125000
430 1 -0.03125000
431 1 -0.06250000
432 1 -0.06250000
433 1 -0.06250000
434 1 -0.06250000
435 1 -0.06250000
436 1 -0.06250000
437 1 -0.06250000
438 1 -0.06250000
439 1 -0.06250000
440 1 -0.06250000
441 1 -0.06250000
442 1 -0.06250000
443 1 -0.06250000
444 1 -0.06250000
445 1 -0.06250000
446 1 -0.06250000
447 1 -0.06250000
448 1 -0.06250000
449 1 -0.06250000
450 1 -0.06250000
451 1 -0.06250000
452 1 -0.06250000
453 1 -0.06250000
454 1 -0.06250000
455 1 -0.06250000
456 1 -0.06250000
457 1 -0.06250000
458 1 -0.06250000
459 1 -0.06250000
460 1 -0.06250000
461 1 -0.06250000
462 1 -0.03125000
463 1 -0.03125000
464 1 -0.06250000
465 1 -0.06250000
466 1 -0.06250000
467 1 -0.06250000
468 1 -0.06250000
469 1 -0.06250000
470 1 -0.06250000
471 1 -0.06250000
472 1 -0.06250000
473 1 -0.06250000
474 1 -0.06250000
475 1 -0.06250000
476 1 -0.06250000
477 1 -0.06250000
478 1 -0.06250000
479 1 -0.06250000
480 1 -0.06250000
481 1 -0.06250000
482 1 -0.06250000
483 1 -0.06250000
484 1 -0.06250000
485 1 -0.06250000
486 1 -0.06250000
487 1 -0.06250000
488 1 -0.06250000
489 1 -0.06250000
490 1 -0.06250000
491 1 -0.06250000
492 1 -0.06250000
493 1 -0.06250000
494 1 -0.06250000
495 1 -0.03125000
496 1 -0.03125000
497 1 -0.06250000
498 1 -0.06250000
499 1 -0.06250000
500 1 -0.06250000
501 1 -0.06250000
502 1 -0.06250000
503 1 -0.06250000
504 1 -0.06250000
505 1 -0.06250000
506 1 -0.06250000
507 1 -0.06250000
508 1 -0.06250000
509 1 -0.06250000
510 1 -0.06250000
511 1 -0.06250000
512 1 -0.06250000
513 1 -0.06250000
514 1 -0.06250000
515 1 -0.06250000
516 1 -0.06250000
517 1 -0.06250000
518 1 -0.06250000
519 1 -0.06250000
520 1 -0.06250000
521 1 -0.06250000
522 1 -0.06250000
523 1 -0.06250000
524 1 -0.06250000
525 1 -0.06250000
526 1 -0.06250000
527 1 -0.06250000
528 1 -0.03125000
529 1 -0.03125000
530 1 -0.06250000
531 1 -0.06250000
532 1 -0.06250000
533 1 -0.06250000
534 1 -0.06250000
535 1 -0.06250000
536 1 -0.06250000
537 1 -0.06250000
538 1 -0.06250000
539 1 -0.06250000
540 1 -0.06250000
541 1 -0.06250000
542 1 -0.06250000
543 1 -0.06250000
544 1 -0.06250000
545 1 -0.06250000
546 1 -0.06250000
547 1 -0.06250000
548 1 -0.06250000
549 1 -0.06250000
550 1 -0.06250000
551 1 -0.06250000
552 1 -0.06250000
553 1 -0.06250000
554 1 -0.06250000
555 1 -0.06250000
556 1 -0.06250000
557 1 -0.06250000
558 1 -0.06250000
559 1 -0.06250000
560 1 -0.06250000
561 1 -0.03125000
562 1 -0.03125000
563 1 -0.06250000
564 1 -0.06250000
565 1 -0.06250000
566 1 -0.06250000
567 1 -0.06250000
568 1 -0.06250000
569 1 -0.06250000
570 1 -0.06250000
571 1 -0.06250000
572 1 -0.06250000
573 1 -0.06250000
574 1 -0.06250000
575 1 -0.06250000
576 1 -0.06250000
577 1 -0.06250000
578 1 -0.06250000
579 1 -0.06250000
580 1 -0.06250000
581 1 -0.06250000
582 1 -0.06250000
583 1 -0.06250000
584 1 -0.06250000
585 1 -0.06250000
586 1 -0.06250000
587 1 -0.06250000
588 1 -0.06250000
589 1 -0.06250000
590 1 -0.06250000
591 1 -0.06250000
592 1 -0.06250000
593 1 -0.06250000
594 1 -0.03125000
595 1 -0.03125000
596 1 -0.06250000
597 1 -0.06250000
598 1 -0.06250000
599 1 -0.06250000
600 1 -0.06250000
601 1 -0.06250000
602 1 -0.06250000
603 1 -0.06250000
604 1 -0.06250000
605 1 -0.06250000
606 1 -0.06250000
607 1 -0.06250000
608 1 -0.06250000
609 1 -0.06250000
610 1 -0.06250000
611 1 -0.06250000
612 1 -0.06250000
613 1 -0.06250000
614 1 -0.06250000
615 1 -0.06250000
616 1 -0.06250000
617 1 -0.06250000
618 1 -0.06250000
619 1 -0.06250000
620 1 -0.06250000
621 1 -0.06250000
622 1 -0.06250000
623 1 -0.06250000
624 1 -0.06250000
625 1 -0.06250000
626 1 -0.06250000
627 1 -0.03125000
628 1 -0.03125000
629 1 -0.06250000
630 1 -0.06250000
631 1 -0.06250000
632 1 -0.06250000
633 1 -0.06250000
634 1 -0.06250000
635 1 -0.06250000
636 1 -0.06250000
637 1 -0.06250000
638 1 -0.06250000
639 1 -0.06250000
640 1 -0.06250000
641 1 -0.06250000
642 1 -0.06250000
643 1 -0.06250000
644 1 -0.06250000
645 1 -0.06250000
646 1 -0.06250000
647 1 -0.06250000
648 1 -0.06250000
649 1 -0.06250000
650 1 -0.06250000
651 1 -0.06250000
652 1 -0.06250000
653 1 -0.06250000
654 1 -0.06250000
655 1 -0.06250000
656 1 -0.06250000
657 1 -0.06250000
658 1 -0.06250000
659 1 -0.06250000
660 1 -0.03125000
661 1 -0.03125000
662 1 -0.06250000
663 1 -0.06250000
664 1 -0.06250000
665 1 -0.06250000
666 1 -0.06250000
667 1 -0.06250000
668 1 -0.06250000
669 1 -0.06250000
670 1 -0.06250000
671 1 -0.06250000
672 1 -0.06250000
673 1 -0.06250000
674 1 -0.06250000
675 1 -0.06250000
676 1 -0.06250000
677 1 -0.06250000
678 1 -0.06250000
679 1 -0.06250000
680 1 -0.06250000
681 1 -0.06250000
682 1 -0.06250000
683 1 -0.06250000
684 1 -0.06250000
685 1 -0.06250000
686 1 -0.06250000
687 1 -0.06250000
688 1 -0.06250000
689 1 -0.06250000
690 1 -0.06250000
691 1 -0.06250000
692 1 -0.06250000
693 1 -0.03125000
694 1 -0.03125000
695 1 -0.06250000
696 1 -0.06250000
697 1 -0.06250000
698 1 -0.06250000
699 1 -0.06250000
700 1 -0.06250000
701 1 -0.06250000
702 1 -0.06250000
703 1 -0.06250000
704 1 -0.06250000
705 1 -0.06250000
706 1 -0.06250000
707 1 -0.06250000
708 1 -0.06250000
709 1 -0.06250000
710 1 -0.06250000
711 1 -0.06250000
712 1 -0.06250000
713 1 -0.06250000
714 1 -0.06250000
715 1 -0.06250000
716 1 -0.06250000
717 1 -0.06250000
718 1 -0.06250000
719 1 -0.06250000
720 1 -0.06250000
721 1 -0.06250000
722 1 -0.06250000
723 1 -0.06250000
724 1 -0.06250000
725 1 -0.06250000
726 1 -0.03125000
727 1 -0.03125000
728 1 -0.06250000
729 1 -0.06250000
730 1 -0.06250000
731 1 -0.06250000
732 1 -0.06250000
733 1 -0.06250000
734 1 -0.06250000
735 1 -0.06250000
736 1 -0.06250000
737 1 -0.06250000
738 1 -0.06250000
739 1 -0.06250000
740 1 -0.06250000
741 1 -0.06250000
742 1 -0.06250000
743 1 -0.06250000
744 1 -0.06250000
745 1 -0.06250000
746 1 -0.06250000
747 1 -0.06250000
748 1 -0.06250000
749 1 -0.06250000
750 1 -0.06250000
751 1 -0.06250000
752 1 -0.06250000
753 1 -0.06250000
754 1 -0.06250000
755 1 -0.06250000
756 1 -0.06250000
757 1 -0.06250000
758 1 -0.06250000
759 1 -0.03125000
760 1 -0.03125000
761 1 -0.06250000
762 1 -0.06250000
763 1 -0.06250000
764 1 -0.06250000
765 1 -0.06250000
766 1 -0.06250000
767 1 -0.06250000
768 1 -0.06250000
769 1 -0.06250000
770 1 -0.06250000
771 1 -0.06250000
772 1 -0.06250000
773 1 -0.06250000
774 1 -0.06250000
775 1 -0.06250000
776 1 -0.06250000
777 1 -0.06250000
778 1 -0.06250000
779 1 -0.06250000
780 1 -0.06250000
781 1 -0.06250000
782 1 -0.06250000
783 1 -0.06250000
784 1 -0.06250000
785 1 -0.06250000
786 1 -0.06250000
787 1 -0.06250000
788 1 -0.06250000
789 1 -0.06250000
790 1 -0.06250000
791 1 -0.06250000
792 1 -0.03125000
793 1 -0.03125000
794 1 -0.06250000
795 1 -0.06250000
796 1 -0.06250000
797 1 -0.06250000
798 1 -0.06250000
799 1 -0.06250000
800 1 -0.06250000
801 1 -0.06250000
802 1 -0.06250000
803 1 -0.06250000
804 1 -0.06250000
805 1 -0.06250000
806 1 -0.06250000
807 1 -0.06250000
808 1 -0.06250000
809 1 -0.06250000
810 1 -0.06250000
811 1 -0.06250000
812 1 -0.06250000
813 1 -0.06250000
814 1 -0.06250000
815 1 -0.06250000
816 1 -0.06250000
817 1 -0.06250000
818 1 -0.06250000
819 1 -0.06250000
820 1 -0.06250000
821 1 -0.06250000
822 1 -0.06250000
823 1 -0.06250000
824 1 -0.06250000
825 1 -0.03125000
826 1 -0.03125000
827 1 -0.06250000
828 1 -0.06250000
829 1 -0.06250000
830 1 -0.06250000
831 1 -0.06250000
832 1 -0.06250000
833 1 -0.06250000
834 1 -0.06250000
835 1 -0.06250000
836 1 -0.06250000
837 1 -0.06250000
838 1 -0.06250000
839 1 -0.06250000
840 1 -0.06250000
841 1 -0.06250000
842 1 -0.06250000
843 1 -0.06250000
844 1 -0.06250000
845 1 -0.06250000
846 1 -0.06250000
847 1 -0.06250000
848 1 -0.06250000
849 1 -0.06250000
850 1 -0.06250000
851 1 -0.06250000
852 1 -0.06250000
853 1 -0.06250000
854 1 -0.06250000
855 1 -0.06250000
856 1 -0.06250000
857 1 -0.06250000
858 1 -0.03125000
859 1 -0.03125000
860 1 -0.06250000
861 1 -0.06250000
862 1 -0.06250000
863 1 -0.06250000
864 1 -0.06250000
865 1 -0.06250000
866 1 -0.06250000
867 1 -0.06250000
868 1 -0.06250000
869 1 -0.06250000
870 1 -0.06250000
871 1 -0.06250000
872 1 -0.06250000
873 1 -0.06250000
874 1 -0.06250000
875 1 -0.06250000
876 1 -0.06250000
877 1 -0.06250000
878 1 -0.06250000
879 1 -0.06250000
880 1 -0.06250000
881 1 -0.06250000
882 1 -0.06250000
883 1 -0.06250000
884 1 -0.06250000
885 1 -0.06250000
886 1 -0.06250000
887 1 -0.06250000
888 1 -0.06250000
889 1 -0.06250000
890 1 -0.06250000
891 1 -0.03125000
892 1 -0.03125000
893 1 -0.06250000
894 1 -0.06250000
895 1 -0.06250000
896 1 -0.06250000
897 1 -0.06250000
898 1 -0.06250000
899 1 -0.06250000
900 1 -0.06250000
901 1 -0.06250000
902 1 -0.06250000
903 1 -0.06250000
904 1 -0.06250000
905 1 -0.06250000
906 1 -0.06250000
907 1 -0.06250000
908 1 -0.06250000
909 1 -0.06250000
910 1 -0.06250000
911 1 -0.06250000
912 1 -0.06250000
913 1 -0.06250000
914 1 -0.06250000
915 1 -0.06250000
916 1 -0.06250000
917 1 -0.06250000
918 1 -0.06250000
919 1 -0.06250000
920 1 -0.06250000
921 1 -0.06250000
922 1 -0.06250000
923 1 -0.06250000
924 1 -0.03125000
925 1 -0.03125000
926 1 -0.06250000
927 1 -0.06250000
928 1 -0.06250000
929 1 -0.06250000
930 1 -0.06250000
931 1 -0.06250000
932 1 -0.06250000
933 1 -0.06250000
934 1 -0.06250000
935 1 -0.06250000
936 1 -0.06250000
937 1 -0.06250000
938 1 -0.06250000
939 1 -0.06250000
940 1 -0.06250000
941 1 -0.06250000
942 1 -0.06250000
943 1 -0.06250000
944 1 -0.06250000
945 1 -0.06250000
946 1 -0.06250000
947 1 -0.06250000
948 1 -0.06250000
949 1 -0.06250000
950 1 -0.06250000
951 1 -0.06250000
952 1 -0.06250000
953 1 -0.06250000
954 1 -0.06250000
955 1 -0.06250000
956 1 -0.06250000
957 1 -0.03125000
958 1 -0.03125000
959 1 -0.06250000
960 1 -0.06250000
961 1 -0.06250000
962 1 -0.06250000
963 1 -0.06250000
964 1 -0.06250000
965 1 -0.06250000
966 1 -0.06250000
967 1 -0.06250000
968 1 -0.06250000
969 1 -0.06250000
970 1 -0.06250000
971 1 -0.06250000
972 1 -0.06250000
973 1 -0.06250000
974 1 -0.06250000
975 1 -0.06250000
976 1 -0.06250000
977 1 -0.06250000
978 1 -0.06250000
979 1 -0.06250000
980 1 -0.06250000
981 1 -0.06250000
982 1 -0.06250000
983 1 -0.06250000
984 1 -0.06250000
985 1 -0.06250000
986 1 -0.06250000
987 1 -0.06250000
988 1 -0.06250000
989 1 -0.06250000
990 1 -0.03125000
991 1 -0.03125000
992 1 -0.06250000
993 1 -0.06250000
994 1 -0.06250000
995 1 -0.06250000
996 1 -0.06250000
997 1 -0.06250000
998 1 -0.06250000
999 1 -0.06250000
1000 1 -0.06250000
1001 1 -0.06250000
1002 1 -0.06250000
1003 1 -0.06250000
1004 1 -0.06250000
1005 1 -0.06250000
1006 1 -0.06250000
1007 1 -0.06250000
1008 1 -0.06250000
1009 1 -0.06250000
1010 1 -0.06250000
1011 1 -0.06250000
1012 1 -0.06250000
1013 1 -0.06250000
1014 1 -0.06250000
1015 1 -0.06250000
1016 1 -0.06250000
1017 1 -0.06250000
1018 1 -0.06250000
1019 1 -0.06250000
1020 1 -0.06250000
1021 1 -0.06250000
1022 1 -0.06250000
1023 1 -0.03125000
1024 1 -0.03125000
1025 1 -0.06250000
1026 1 -0.06250000
1027 1 -0.06250000
1028 1 -0.06250000
1029 1 -0.06250000
1030 1 -0.06250000
1031 1 -0.06250000
1032 1 -0.06250000
1033 1 -0.06250000
1034 1 -0.06250000
1035 1 -0.06250000
1036 1 -0.06250000
1037 1 -0.06250000
1038 1 -0.06250000
1039 1 -0.06250000
1040 1 -0.06250000
1041 1 -0.06250000
1042 1 -0.06250000
1043 1 -0.06250000
1044 1 -0.06250000
1045 1 -0.06250000
1046 1 -0.06250000
1047 1 -0.06250000
1048 1 -0.06250000
1049 1 -0.06250000
1050 1 -0.06250000
1051 1 -0.06250000
1052 1 -0.06250000
1053 1 -0.06250000
1054 1 -0.06250000
1055 1 -0.06250000
1056 1 -0.03125000
1057 1 -0.01562500
1057 2 0.00065104
1057 3 -0.00065104
1058 1 -0.03125000
1058 3 -0.00130208
1059 1 -0.03125000
1059 3 -0.00130208
1060 1 -0.03125000
1060 3 -0.00130208
1061 1 -0.03125000
1061 3 -0.00130208
1062 1 -0.03125000
1062 3 -0.00130208
1063 1 -0.03125000
1063 3 -0.00130208
1064 1 -0.03125000
1064 3 -0.00130208
1065 1 -0.03125000
1065 3 -0.00130208
1066 1 -0.03125000
1066 3 -0.00130208
1067 1 -0.03125000
1067 3 -0.00130208
1068 1 -0.03125000
1068 3 -0.00130208
1069 1 -0.03125000
1069 3 -0.00130208
1070 1 -0.03125000
1070 3 -0.00130208
1071 1 -0.03125000
1071 3 -0.00130208
1072 1 -0.03125000
1072 3 -0.00130208
1073 1 -0.03125000
1073 3 -0.00130208
1074 1 -0.03125000
1074 3 -0.00130208
1075 1 -0.03125000
1075 3 -0.00130208
1076 1 -0.03125000
1076 3 -0.00130208
1077 1 -0.03125000
1077 3 -0.00130208
1078 1 -0.03125000
1078 3 -0.00130208
1079 1 -0.03125000
1079 3 -0.00130208
1080 1 -0.03125000
1080 3 -0.00130208
1081 1 -0.03125000
1081 3 -0.00130208
1082 1 -0.03125000
1082 3 -0.00130208
1083 1 -0.03125000
1083 3 -0.00130208
1084 1 -0.03125000
1084 3 -0.00130208
1085 1 -0.03125000
1085 3 -0.00130208
1086 1 -0.03125000
1086 3 -0.00130208
1087 1 -0.03125000
1087 3 -0.00130208
1088 1 -0.03125000
1088 3 -0.00130208
1089 1 -0.01562500
1089 2 -0.00065104
1089 3 -0.00065104
6 1024 1
1 200000000000.0 0.3 0.01
1 1 2 35 34 1
2 2 3 36 35 1
3 3 4 37 36 1
4 4 5 38 37 1
5 5 6 39 38 1
6 6 7 40 39 1
7 7 8 41 40 1
8 8 9 42 41 1
9 9 10 43 42 1
10 10 11 44 43 1
11 11 12 45 44 1
12 12 13 46 45 1
13 13 14 47 46 1
14 14 15 48 47 1
15 15 16 49 48 1
16 16 17 50 49 1
17 17 18 51 50 1
18 18 19 52 51 1
19 19 20 53 52 1
20 20 21 54 53 1
21 21 22 55 54 1
22 22 23 56 55 1
23 23 24 57 56 1
24 24 25 58 57 1
25 25 26 59 58 1
26 26 27 60 59 1
27 27 28 61 60 1
28 28 29 62 61 1
29 29 30 63 62 1
30 30 31 64 63 1
31 31 32 65 64 1
32 32 33 66 65 1
33 34 35 68 67 1
34 35 36 69 68 1
35 36 37 70 69 1
36 37 38 71 70 1
37 38 39 72 71 1
38 39 40 73 72 1
39 40 41 74 73 1
40 41 42 75 74 1
41 42 43 76 75 1
42 43 44 77 76 1
43 44 45 78 77 1
44 45 46 79 78 1
45 46 47 80 79 1
46 47 48 81 80 1
47 48 49 82 81 1
48 49 50 83 82 1
49 50 51 84 83 1
50 51 52 85 84 1
51 52 53 86 85 1
52 53 54 87 86 1
53 54 55 88 87 1
54 55 56 89 88 1
55 56 57 90 89 1
56 57 58 91 90 1
57 58 59 92 91 1
58 59 60 93 92 1
59 60 61 94 93 1
60 61 62 95 94 1
61 62 63 96 95 1
62 63 64 97 96 1
63 64 65 98 97 1
64 65 66 99 98 1
65 67 68 101 100 1
66 68 69 102 101 1
67 69 70 103 102 1
68 70 71 104 103 1
69 71 72 105 104 1
70 72 73 106 105 1
71 73 74 107 106 1
72 74 75 108 107 1
73 75 76 109 108 1
74 76 77 110 109 1
75 77 78 111 110 1
76 78 79 112 111 1
77 79 80 113 112 1
78 80 81 114 113 1
79 81 82 115 114 1
80 82 83 116 115 1
81 83 84 117 116 1
82 84 85 118 117 1
83 85 86 119 118 1
84 86 87 120 119 1
85 87 88 121 120 1
86 88 89 122 121 1
87 89 90 123 122 1
88 90 91 124 123 1
89 91 92 125 124 1
90 92 93 126 125 1
91 93 94 127 126 1
92 94 95 128 127 1
93 95 96 129 128 1
94 96 97 130 129 1
95 97 98 131 130 1
96 98 99 132 131 1
97 100 101 134 133 1
98 101 102 135 134 1
99 102 103 136 135 1
100 103 104 137 136 1
101 104 105 138 137 1
102 105 106 139 138 1
103 106 107 140 139 1
104 107 108 141 140 1
105 108 109 142 141 1
106 109 110 143 142 1
107 110 111 144 143 1
108 111 112 145 144 1
109 112 113 146 145 1
110 113 114 147 146 1
111 114 115 148 147 1
112 115 116 149 148 1
113 116 117 150 149 1
114 117 118 151 150 1
115 118 119 152 151 1
116 119 120 153 152 1
117 120 121 154 153 1
118 121 122 155 154 1
119 122 123 156 155 1
120 123 124 157 156 1
121 124 125 158 157 1
122 125 126 159 158 1
123 126 127 160 159 1
124 127 128 161 160 1
125 128 129 162 161 1
126 129 130 163 162 1
127 130 131 164 163 1
128 131 132 165 164 1
129 133 134 167 166 1
130 134 135 168 167 1
131 135 136 169 168 1
132 136 137 170 169 1
133 137 138 171 170 1
134 138 139 172 171 1
135 139 140 173 172 1
136 140 141 174 173 1
137 141 142 175 174 1
138 142 143 176 175 1
139 143 144 177 176 1
140 144 145 178 177 1
141 145 146 179 178 1
142 146 147 180 179 1
143 147 148 181 180 1
144 148 149 182 181 1
145 149 150 183 182 1
146 150 151 184 183 1
147 151 152 185 184 1
148 152 153 186 185 1
149 153 154 187 186 1
150 154 155 188 187 1
151 155 156 189 188 1
152 156 157 190 189 1
153 157 158 191 190 1
154 158 159 192 191 1
155 159 160 193 192 1
156 160 161 194 193 1
157 161 162 195 194 1
158 162 163 196 195 1
159 163 164 197 196 1
160 164 165 198 197 1
161 166 167 200 199 1
162 167 168 201 200 1
163 168 169 202 201 1
164 169 170 203 202 1
165 170 171 204 203 1
166 171 172 205 204 1
167 172 173 206 205 1
168 173 174 207 206 1
169 174 175 208 207 1
170 175 176 209 208 1
171 176 177 210 209 1
172 177 178 211 210 1
173 178 179 212 211 1
174 179 180 213 212 1
175 180 181 214 213 1
176 181 182 215 214 1
177 182 183 216 215 1
178 183 184 217 216 1
179 184 185 218 217 1
180 185 186 219 218 1
181 186 187 220 219 1
182 187 188 221 220 1
183 188 189 222 221 1
184 189 190 223 222 1
185 190 191 224 223 1
186 191 192 225 224 1
187 192 193 226 225 1
188 193 194 227 226 1
189 194 195 228 227 1
190 195 196 229 228 1
191 196 197 230 229 1
192 197 198 231 230 1
193 199 200 233 232 1
194 200 201 234 233 1
195 201 202 235 234 1
196 202 203 236 235 1
197 203 204 237 236 1
198 204 205 238 237 1
199 205 206 239 238 1
200 206 207 240 239 1
201 207 208 241 240 1
202 208 209 242 241 1
203 209 210 243 242 1
204 210 211 244 243 1
205 211 212 245 244 1
206 212 213 246 245 1
207 213 214 247 246 1
208 214 215 248 247 1
209 215 216 249 248 1
210 216 217 250 249 1
211 217 218 251 250 1
212 218 219 252 251 1
213 219 220 253 252 1
214 220 221 254 253 1
215 221 222 255 254 1
216 222 223 256 255 1
217 223 224 257 256 1
218 224 225 258 257 1
219 225 226 259 258 1
220 226 227 260 259 1
221 227 228 261 260 1
222 228 229 262 261 1
223 229 230 263 262 1
224 230 231 264 263 1
225 232 233 266 265 1
226 233 234 267 266 1
227 234 235 268 267 1
228 235 236 269 268 1
229 236 237 270 269 1
230 237 238 271 270 1
231 238 239 272 271 1
232 239 240 273 272 1
233 240 241 274 273 1
234 241 242 275 274 1
235 242 243 276 275 1
236 243 244 277 276 1
237 244 245 278 277 1
238 245 246 279 278 1
239 246 247 280 279 1
240 247 248 281 280 1
241 248 249 282 281 1
242 249 250 283 282 1
243 250 251 284 283 1
244 251 252 285 284 1
245 252 253 286 285 1
246 253 254 287 286 1
247 254 255 288 287 1
248 255 256 289 288 1
249 256 257 290 289 1
250 257 258 291 290 1
251 258 259 292 291 1
252 259 260 293 292 1
253 260 261 294 293 1
254 261 262 295 294 1
255 262 263 296 295 1
256 263 264 297 296 1
257 265 266 299 298 1
258 266 267 300 299 1
259 267 268 301 300 1
260 268 269 302 301 1
261 269 270 303 302 1
262 270 271 304 303 1
263 271 272 305 304 1
264 272 273 306 305 1
265 273 274 307 306 1
266 274 275 308 307 1
267 275 276 309 308 1
268 276 277 310 309 1
269 277 278 311 310 1
270 278 279 312 311 1
271 279 280 313 312 1
272 280 281 314 313 1
273 281 282 315 314 1
274 282 283 316 315 1
275 283 284 317 316 1
276 284 285 318 317 1
277 285 286 319 318 1
278 286 287 320 319 1
279 287 288 321 320 1
280 288 289 322 321 1
281 289 290 323 322 1
282 290 291 324 323 1
283 291 292 325 324 1
284 292 293 326 325 1
285 293 294 327 326 1
286 294 295 328 327 1
287 295 296 329 328 1
288 296 297 330 329 1
289 298 299 332 331 1
290 299 300 333 332 1
291 300 301 334 333 1
292 301 302 335 334 1
293 302 303 336 335 1
294 303 304 337 336 1
295 304 305 338 337 1
296 305 306 339 338 1
297 306 307 340 339 1
298 307 308 341 340 1
299 308 309 342 341 1
300 309 310 343 342 1
301 310 311 344 343 1
302 311 312 345 344 1
303 312 313 346 345 1
304 313 314 347 346 1
305 314 315 348 347 1
306 315 316 349 348 1
307 316 317 350 349 1
308 317 318 351 350 1
309 318 319 352 351 1
310 319 320 353 352 1
311 320 321 354 353 1
312 321 322 355 354 1
313 322 323 356 355 1
314 323 324 357 356 1
315 324 325 358 357 1
316 325 326 359 358 1
317 326 327 360 359 1
318 327 328 361 360 1
319 328 329 362 361 1
320 329 330 363 362 1
321 331 332 365 364 1
322 332 333 366 365 1
323 333 334 367 366 1
324 334 335 368 367 1
325 335 336 369 368 1
326 336 337 370 369 1
327 337 338 371 370 1
328 338 339 372 371 1
329 339 340 373 372 1
330 340 341 374 373 1
331 341 342 375 374 1
332 342 343 376 375 1
333 343 344 377 376 1
334 344 345 378 377 1
335 345 346 379 378 1
336 346 347 380 379 1
337 347 348 381 380 1
338 348 349 382 381 1
339 349 350 383 382 1
340 350 351 384 383 1
341 351 352 385 384 1
342 352 353 386 385 1
343 353 354 387 386 1
344 354 355 388 387 1
345 355 356 389 388 1
346 356 357 390 389 1
347 357 358 391 390 1
348 358 359 392 391 1
349 359 360 393 392 1
350 360 361 394 393 1
351 361 362 395 394 1
352 362 363 396 395 1
353 364 365 398 397 1
354 365 366 399 398 1
355 366 367 400 399 1
356 367 368 401 400 1
357 368 369 402 401 1
358 369 370 403 402 1
359 370 371 404 403 1
360 371 372 405 404 1
361 372 373 406 405 1
362 373 374 407 406 1
363 374 375 408 407 1
364 375 376 409 408 1
365 376 377 410 409 1
366 377 378 411 410 1
367 378 379 412 411 1
368 379 380 413 412 1
369 380 381 414 413 1
370 381 382 415 414 1
371 382 383 416 415 1
372 383 384 417 416 1
373 384 385 418 417 1
374 385 386 419 418 1
375 386 387 420 419 1
376 387 388 421 420 1
377 388 389 422 421 1
378 389 390 423 422 1
379 390 391 424 423 1
380 391 392 425 424 1
381 392 393 426 425 1
382 393 394 427 426 1
383 394 395 428 427 1
384 395 396 429 428 1
385 397 398 431 430 1
386 398 399 432 431 1
387 399 400 433 432 1
388 400 401 434 433 1
389 401 402 435 434 1
390 402 403 436 435 1
391 403 404 437 436 1
392 404 405 438 437 1
393 405 406 439 438 1
394 406 407 440 439 1
395 407 408 441 440 1
396 408 409 442 441 1
397 409 410 443 442 1
398 410 411 444 443 1
399 411 412 445 444 1
400 412 413 446 445 1
401 413 414 447 446 1
402 414 415 448 447 1
403 415 416 449 448 1
404 416 417 450 449 1
405 417 418 451 450 1
406 418 419 452 451 1
407 419 420 453 452 1
408 420 421 454 453 1
409 421 422 455 454 1
410 422 423 456 455 1
411 423 424 457 456 1
412 424 425 458 457 1
413 425 426 459 458 1
414 426 427 460 459 1
415 427 428 461 460 1
416 428 429 462 461 1
417 430 431 464 463 1
418 431 432 465 464 1
419 432 433 466 465 1
420 433 434 467 466 1
421 434 435 468 467 1
422 435 436 469 468 1
423 436 437 470 469 1
424 437 438 471 470 1
425 438 439 472 471 1
426 439 440 473 472 1
427 440 441 474 473 1
428 441 442 475 474 1
429 442 443 476 475 1
430 443 444 477 476 1
431 444 445 478 477 1
432 445 446 479 478 1
433 446 447 480 479 1
434 447 448 481 480 1
435 448 449 482 481 1
436 449 450 483 482 1
437 450 451 484 483 1
438 451 452 485 484 1
439 452 453 486 485 1
440 453 454 487 486 1
441 454 455 488 487 1
442 455 456 489 488 1
443 456 457 490 489 1
444 457 458 491 490 1
445 458 459 492 491 1
446 459 460 493 492 1
447 460 461 494 493 1
448 461 462 495 494 1
449 463 464 497 496 1
450 464 465 498 497 1
451 465 466 499 498 1
452 466 467 500 499 1
453 467 468 501 500 1
454 468 469 502 501 1
455 469 470 503 502 1
456 470 471 504 503 1
457 471 472 505 504 1
458 472 473 506 505 1
459 473 474 507 506 1
460 474 475 508 507 1
461 475 476 509 508 1
462 476 477 510 509 1
463 477 478 511 510 1
464 478 479 512 511 1
465 479 480 513 512 1
466 480 481 514 513 1
467 481 482 515 514 1
468 482 483 516 515 1
469 483 484 517 516 1
470 484 485 518 517 1
471 485 486 519 518 1
472 486 487 520 519 1
473 487 488 521 520 1
474 488 489 522 521 1
475 489 490 523 522 1
476 490 491 524 523 1
477 491 492 525 524 1
478 492 493 526 525 1
479 493 494 527 526 1
480 494 495 528 527 1
481 496 497 530 529 1
482 497 498 531 530 1
483 498 499 532 531 1
484 499 500 533 532 1
485 500 501 534 533 1
486 501 502 535 534 1
487 502 503 536 535 1
488 503 504 537 536 1
489 504 505 538 537 1
490 505 506 539 538 1
491 506 507 540 539 1
492 507 508 541 540 1
493 508 509 542 541 1
494 509 510 543 542 1
495 510 511 544 543 1
496 511 512 545 544 1
497 512 513 546 545 1
498 513 514 547 546 1
499 514 515 548 547 1
500 515 516 549 548 1
501 516 517 550 549 1
502 517 518 551 550 1
503 518 519 552 551 1
504 519 520 553 552 1
505 520 521 554 553 1
506 521 522 555 554 1
507 522 523 556 555 1
508 523 524 557 556 1
509 524 525 558 557 1
510 525 526 559 558 1
511 526 527 560 559 1
512 527 528 561 560 1
513 529 530 563 562 1
514 530 531 564 563 1
515 531 532 565 564 1
516 532 533 566 565 1
517 533 534 567 566 1
518 534 535 568 567 1
519 535 536 569 568 1
520 536 537 570 569 1
521 537 538 571 570 1
522 538 539 572 571 1
523 539 540 573 572 1
524 540 541 574 573 1
525 541 542 575 574 1
526 542 543 576 575 1
527 543 544 577 576 1
528 544 545 578 577 1
529 545 546 579 578 1
530 546 547 580 579 1
531 547 548 581 580 1
532 548 549 582 581 1
533 549 550 583 582 1
534 550 551 584 583 1
535 551 552 585 584 1
536 552 553 586 585 1
537 553 554 587 586 1
538 554 555 588 587 1
539 555 556 589 588 1
540 556 557 590 589 1
541 557 558 591 590 1
542 558 559 592 591 1
543 559 560 593 592 1
544 560 561 594 593 1
545 562 563 596 595 1
546 563 564 597 596 1
547 564 565 598 597 1
548 565 566 599 598 1
549 566 567 600 599 1
550 567 568 601 600 1
551 568 569 602 601 1
552 569 570 603 602 1
553 570 571 604 603 1
554 571 572 605 604 1
555 572 573 606 605 1
556 573 574 607 606 1
557 574 575 608 607 1
558 575 576 609 608 1
559 576 577 610 609 1
560 577 578 611 610 1
561 578 579 612 611 1
562 579 580 613 612 1
563 580 581 614 613 1
564 581 582 615 614 1
565 582 583 616 615 1
566 583 584 617 616 1
567 584 585 618 617 1
568 585 586 619 618 1
569 586 587 620 619 1
570 587 588 621 620 1
571 588 589 622 621 1
572 589 590 623 622 1
573 590 591 624 623 1
574 591 592 625 624 1
575 592 593 626 625 1
576 593 594 627 626 1
577 595 596 629 628 1
578 596 597 630 629 1
579 597 598 631 630 1
580 598 599 632 631 1
581 599 600 633 632 1
582 600 601 634 633 1
583 601 602 635 634 1
584 602 603 636 635 1
585 603 604 637 636 1
586 604 605 638 637 1
587 605 606 639 638 1
588 606 607 640 639 1
589 607 608 641 640 1
590 608 609 642 641 1
591 609 610 643 642 1
592 610 611 644 643 1
593 611 612 645 644 1
594 612 613 646 645 1
595 613 614 647 646 1
596 614 615 648 647 1
597 615 616 649 648 1
598 616 617 650 649 1
599 617 618 651 650 1
600 618 619 652 651 1
601 619 620 653 652 1
602 620 621 654 653 1
603 621 622 655 654 1
604 622 623 656 655 1
605 623 624 657 656 1
606 624 625 658 657 1
607 625 626 659 658 1
608 626 627 660 659 1
609 628 629 662 661 1
610 629 630 663 662 1
611 630 631 664 663 1
612 631 632 665 664 1
613 632 633 666 665 1
614 633 634 667 666 1
615 634 635 668 667 1
616 635 636 669 668 1
617 636 637 670 669 1
618 637 638 671 670 1
619 638 639 672 671 1
620 639 640 673 672 1
621 640 641 674 673 1
622 641 642 675 674 1
623 642 643 676 675 1
624 643 644 677 676 1
625 644 645 678 677 1
626 645 646 679 678 1
627 646 647 680 679 1
628 647 648 681 680 1
629 648 649 682 681 1
630 649 650 683 682 1
631 650 651 684 683 1
632 651 652 685 684 1
633 652 653 686 685 1
634 653 654 687 686 1
635 654 655 688 687 1
636 655 656 689 688 1
637 656 657 690 689 1
638 657 658 691 690 1
639 658 659 692 691 1
640 659 660 693 692 1
641 661 662 695 694 1
642 662 663 696 695 1
643 663 664 697 696 1
644 664 665 698 697 1
645 665 666 699 698 1
646 666 667 700 699 1
647 667 668 701 700 1
648 668 669 702 701 1
649 669 670 703 702 1
650 670 671 704 703 1
651 671 672 705 704 1
652 672 673 706 705 1
653 673 674 707 706 1
654 674 675 708 707 1
655 675 676 709 708 1
656 676 677 710 709 1
657 677 678 711 710 1
658 678 679 712 711 1
659 679 680 713 712 1
660 680 681 714 713 1
661 681 682 715 714 1
662 682 683 716 715 1
663 683 684 717 716 1
664 684 685 718 717 1
665 685 686 719 718 1
666 686 687 720 719 1
667 687 688 721 720 1
668 688 689 722 721 1
669 689 690 723 722 1
670 690 691 724 723 1
671 691 692 725 724 1
672 692 693 726 725 1
673 694 695 728 727 1
674 695 696 729 728 1
675 696 697 730 729 1
676 697 698 731 730 1
677 698 699 732 731 1
678 699 700 733 732 1
679 700 701 734 733 1
680 701 702 735 734 1
681 702 703 736 735 1
682 703 704 737 736 1
683 704 705 738 737 1
684 705 706 739 738 1
685 706 707 740 739 1
686 707 708 741 740 1
687 708 709 742 741 1
688 709 710 743 742 1
689 710 711 744 743 1
690 711 712 745 744 1
691 712 713 746 745 1
692 713 714 747 746 1
693 714 715 748 747 1
694 715 716 749 748 1
695 716 717 750 749 1
696 717 718 751 750 1
697 718 719 752 751 1
698 719 720 753 752 1
699 720 721 754 753 1
700 721 722 755 754 1
701 722 723 756 755 1
702 723 724 757 756 1
703 724 725 758 757 1
704 725 726 759 758 1
705 727 728 761 760 1
706 728 729 762 761 1
707 729 730 763 762 1
708 730 731 764 763 1
709 731 732 765 764 1
710 732 733 766 765 1
711 733 734 767 766 1
712 734 735 768 767 1
713 735 736 769 768 1
714 736 737 770 769 1
715 737 738 771 770 1
716 738 739 772 771 1
717 739 740 773 772 1
718 740 741 774 773 1
719 741 742 775 774 1
720 742 743 776 775 1
721 743 744 777 776 1
722 744 745 778 777 1
723 745 746 779 778 1
724 746 747 780 779 1
725 747 748 781 780 1
726 748 749 782 781 1
727 749 750 783 782 1
728 750 751 784 783 1
729 751 752 785 784 1
730 752 753 786 785 1
731 753 754 787 786 1
732 754 755 788 787 1
733 755 756 789 788 1
734 756 757 790 789 1
735 757 758 791 790 1
736 758 759 792 791 1
737 760 761 794 793 1
738 761 762 795 794 1
739 762 763 796 795 1
740 763 764 797 796 1
741 764 765 798 797 1
742 765 766 799 798 1
743 766 767 800 799 1
744 767 768 801 800 1
745 768 769 802 801 1
746 769 770 803 802 1
747 770 771 804 803 1
748 771 772 805 804 1
749 772 773 806 805 1
750 773 774 807 806 1
751 774 775 808 807 1
752 775 776 809 808 1
753 776 777 810 809 1
754 777 778 811 810 1
755 778 779 812 811 1
756 779 780 813 812 1
757 780 781 814 813 1
758 781 782 815 814 1
759 782 783 816 815 1
760 783 784 817 816 1
761 784 785 818 817 1
762 785 786 819 818 1
763 786 787 820 819 1
764 787 788 821 820 1
765 788 789 822 821 1
766 789 790 823 822 1
767 790 791 824 823 1
768 791 792 825 824 1
769 793 794 827 826 1
770 794 795 828 827 1
771 795 796 829 828 1
772 796 797 830 829 1
773 797 798 831 830 1
774 798 799 832 831 1
775 799 800 833 832 1
776 800 801 834 833 1
777 801 802 835 834 1
778 802 803 836 835 1
779 803 804 837 836 1
780 804 805 838 837 1
781 805 806 839 838 1
782 806 807 840 839 1
783 807 808 841 840 1
784 808 809 842 841 1
785 809 810 843 842 1
786 810 811 844 843 1
787 811 812 845 844 1
788 812 813 846 845 1
789 813 814 847 846 1
790 814 815 848 847 1
791 815 816 849 848 1
792 816 817 850 849 1
793 817 818 851 850 1
794 818 819 852 851 1
795 819 820 853 852 1
796 820 821 854 853 1
797 821 822 855 854 1
798 822 823 856 855 1
799 823 824 857 856 1
800 824 825 858 857 1
801 826 827 860 859 1
802 827 828 861 860 1
803 828 829 862 861 1
804 829 830 863 862 1
805 830 831 864 863 1
806 831 832 865 864 1
807 832 833 866 865 1
808 833 834 867 866 1
809 834 835 868 867 1
810 835 836 869 868 1
811 836 837 870 869 1
812 837 838 871 870 1
813 838 839 872 871 1
814 839 840 873 872 1
815 840 841 874 873 1
816 841 842 875 874 1
817 842 843 876 875 1
818 843 844 877 876 1
819 844 845 878 877 1
820 845 846 879 878 1
821 846 847 880 879 1
822 847 848 881 880 1
823 848 849 882 881 1
824 849 850 883 882 1
825 850 851 884 883 1
826 851 852 885 884 1
827 852 853 886 885 1
828 853 854 887 886 1
829 854 855 888 887 1
830 855 856 889 888 1
831 856 857 890 889 1
832 857 858 891 890 1
833 859 860 893 892 1
834 860 861 894 893 1
835 861 862 895 894 1
836 862 863 896 895 1
837 863 864 897 896 1
838 864 865 898 897 1
839 865 866 899 898 1
840 866 867 900 899 1
841 867 868 901 900 1
842 868 869 902 901 1
843 869 870 903 902 1
844 870 871 904 903 1
845 871 872 905 904 1
846 872 873 906 905 1
847 873 874 907 906 1
848 874 875 908 907 1
849 875 876 909 908 1
850 876 877 910 909 1
851 877 878 911 910 1
852 878 879 912 911 1
853 879 880 913 912 1
854 880 881 914 913 1
855 881 882 915 914 1
856 882 883 916 915 1
857 883 884 917 916 1
858 884 885 918 917 1
859 885 886 919 918 1
860 886 887 920 919 1
861 887 888 921 920 1
862 888 889 922 921 1
863 889 890 923 922 1
864 890 891 924 923 1
865 892 893 926 925 1
866 893 894 927 926 1
867 894 895 928 927 1
868 895 896 929 928 1
869 896 897 930 929 1
870 897 898 931 930 1
871 898 899 932 931 1
872 899 900 933 932 1
873 900 901 934 933 1
874 901 902 935 934 1
875 902 903 936 935 1
876 903 904 937 936 1
877 904 905 938 937 1
878 905 906 939 938 1
879 906 907 940 939 1
880 907 908 941 940 1
881 908 909 942 941 1
882 909 910 943 942 1
883 910 911 944 943 1
884 911 912 945 944 1
885 912 913 946 945 1
886 913 914 947 946 1
887 914 915 948 947 1
888 915 916 949 948 1
889 916 917 950 949 1
890 917 918 951 950 1
891 918 919 952 951 1
892 919 920 953 952 1
893 920 921 954 953 1
894 921 922 955 954 1
895 922 923 956 955 1
896 923 924 957 956 1
897 925 926 959 958 1
898 926 927 960 959 1
899 927 928 961 960 1
900 928 929 962 961 1
901 929 930 963 962 1
902 930 931 964 963 1
903 931 932 965 964 1
904 932 933 966 965 1
905 933 934 967 966 1
906 934 935 968 967 1
907 935 936 969 968 1
908 936 937 970 969 1
909 937 938 971 970 1
910 938 939 972 971 1
911 939 940 973 972 1
912 940 941 974 973 1
913 941 942 975 974 1
914 942 943 976 975 1
915 943 944 977 976 1
916 944 945 978 977 1
917 945 946 979 978 1
918 946 947 980 979 1
919 947 948 981 980 1
920 948 949 982 981 1
921 949 950 983 982 1
922 950 951 984 983 1
923 951 952 985 984 1
924 952 953 986 985 1
925 953 954 987 986 1
926 954 955 988 987 1
927 955 956 989 988 1
928 956 957 990 989 1
929 958 959 992 991 1
930 959 960 993 992 1
931 960 961 994 993 1
932 961 962 995 994 1
933 962 963 996 995 1
934 963 964 997 996 1
935 964 965 998 997 1
936 965 966 999 998 1
937 966 967 1000 999 1
938 967 968 1001 1000 1
939 968 969 1002 1001 1
940 969 970 1003 1002 1
941 970 971 1004 1003 1
942 971 972 1005 1004 1
943 972 973 1006 1005 1
944 973 974 1007 1006 1
945 974 975 1008 1007 1
946 975 976 1009 1008 1
947 976 977 1010 1009 1
948 977 978 1011 1010 1
949 978 979 1012 1011 1
950 979 980 1013 1012 1
951 980 981 1014 1013 1
952 981 982 1015 1014 1
953 982 983 1016 1015 1
954 983 984 1017 1016 1
955 984 985 1018 1017 1
956 985 986 1019 1018 1
957 986 987 1020 1019 1
958 987 988 1021 1020 1
959 988 989 1022 1021 1
960 989 990 1023 1022 1
961 991 992 1025 1024 1
962 992 993 1026 1025 1
963 993 994 1027 1026 1
964 994 995 1028 1027 1
965 995 996 1029 1028 1
966 996 997 1030 1029 1
967 997 998 1031 1030 1
968 998 999 1032 1031 1
969 999 1000 1033 1032 1
970 1000 1001 1034 1033 1
971 1001 1002 1035 1034 1
972 1002 1003 1036 1035 1
973 1003 1004 1037 1036 1
974 1004 1005 1038 1037 1
975 1005 1006 1039 1038 1
976 1006 1007 1040 1039 1
977 1007 1008 1041 1040 1
978 1008 1009 1042 1041 1
979 1009 1010 1043 1042 1
980 1010 1011 1044 1043 1
981 1011 1012 1045 1044 1
982 1012 1013 1046 1045 1
983 1013 1014 1047 1046 1
984 1014 1015 1048 1047 1
985 1015 1016 1049 1048 1
986 1016 1017 1050 1049 1
987 1017 1018 1051 1050 1
988 1018 1019 1052 1051 1
989 1019 1020 1053 1052 1
990 1020 1021 1054 1053 1
991 1021 1022 1055 1054 1
992 1022 1023 1056 1055 1
993 1024 1025 1058 1057 1
994 1025 1026 1059 1058 1
995 1026 1027 1060 1059 1
996 1027 1028 1061 1060 1
997 1028 1029 1062 1061 1
998 1029 1030 1063 1062 1
999 1030 1031 1064 1063 1
1000 1031 1032 1065 1064 1
1001 1032 1033 1066 1065 1
1002 1033 1034 1067 1066 1
1003 1034 1035 1068 1067 1
1004 1035 1036 1069 1068 1
1005 1036 1037 1070 1069 1
1006 1037 1038 1071 1070 1
1007 1038 1039 1072 1071 1
1008 1039 1040 1073 1072 1
1009 1040 1041 1074 1073 1
1010 1041 1042 1075 1074 1
1011 1042 1043 1076 1075 1
1012 1043 1044 1077 1076 1
1013 1044 1045 1078 1077 1
1014 1045 1046 1079 1078 1
1015 1046 1047 1080 1079 1
1016 1047 1048 1081 1080 1
1017 1048 1049 1082 1081 1
1018 1049 1050 1083 1082 1
1019 1050 1051 1084 1083 1
1020 1051 1052 1085 1084 1
1021 1052 1053 1086 1085 1
1022 1053 1054 1087 1086 1
1023 1054 1055 1088 1087 1
1024 1055 1056 1089 1088 1