Exercise 4-12 (10 element mesh)
33 1 1 1
1 1 1 1 0 -0.25 0.0
2 0 0 1 0.5 -0.25 0.0
3 0 0 1 1 -0.25 0.0
4 0 0 1 1.5 -0.25 0.0
5 0 0 1 2 -0.25 0.0
6 0 0 1 2.5 -0.25 0.0
7 0 0 1 3 -0.25 0.0
8 0 0 1 3.5 -0.25 0.0
9 0 0 1 4 -0.25 0.0
10 0 0 1 4.5 -0.25 0.0
11 0 0 1 5 -0.25 0.0
12 1 1 1 0 0 0.0
13 0 0 1 0.5 0 0.0
14 0 0 1 1 0 0.0
15 0 0 1 1.5 0 0.0
16 0 0 1 2 0 0.0
17 0 0 1 2.5 0 0.0
18 0 0 1 3 0 0.0
19 0 0 1 3.5 0 0.0
20 0 0 1 4 0 0.0
21 0 0 1 4.5 0 0.0
22 0 0 1 5 0 0.0
23 1 1 1 0 0.25 0.0
24 0 0 1 0.5 0.25 0.0
25 0 0 1 1 0.25 0.0
26 0 0 1 1.5 0.25 0.0
27 0 0 1 2 0.25 0.0
28 0 0 1 2.5 0.25 0.0
29 0 0 1 3 0.25 0.0
30 0 0 1 3.5 0.25 0.0
31 0 0 1 4 0.25 0.0
32 0 0 1 4.5 0.25 0.0
33 0 0 1 5 0.25 0.0
1 2
11 1 -10
33 1 10
2 20 1
1 10000.0  0 1.0 0
1 1 2 13 12 1
2 2 3 14 13 1
3 3 4 15 14 1
4 4 5 16 15 1
5 5 6 17 16 1
6 6 7 18 17 1
7 7 8 19 18 1
8 8 9 20 19 1
9 9 10 21 20 1
10 10 11 22 21 1
11 12 13 24 23 1
12 13 14 25 24 1
13 14 15 26 25 1
14 15 16 27 26 1
15 16 17 28 27 1
16 17 18 29 28 1
17 18 19 30 29 1
18 19 20 31 30 1
19 20 21 32 31 1
20 21 22 33 32 1