For B31 Element Convergence Analysis -- 16 Elements
17   1   1   1
1   1   1   1   1   1   1   0.0   0.0   0.0 
2   0   0   0   0   0   0   3.125   0.0   0.0
3   0   0   0   0   0   0   6.25   0.0   0.0
4   0   0   0   0   0   0   9.375   0.0   0.0
5   0   0   0   0   0   0   12.5   0.0   0.0
6   0   0   0   0   0   0   15.625   0.0   0.0
7   0   0   0   0   0   0   18.75   0.0   0.0
8   0   0   0   0   0   0   21.875   0.0   0.0
9   0   0   0   0   0   0   25.0   0.0   0.0
10   0   0   0   0   0   0   28.125   0.0   0.0
11   0   0   0   0   0   0   31.25   0.0   0.0
12   0   0   0   0   0   0   34.375   0.0   0.0
13   0   0   0   0   0   0   37.5   0.0   0.0
14   0   0   0   0   0   0   40.625   0.0   0.0
15   0   0   0   0   0   0   43.75   0.0   0.0
16   0   0   0   0   0   0   46.875   0.0   0.0
17   0   0   0   0   0   0   50.0   0.0   0.0
1   1
17   3   -10.0E3
5   16   1
1   207.0E9   0.3   2   2   1
1   1   2   1
2   2   3   1
3   3   4   1
4   4   5   1
5   5   6   1
6   6   7   1
7   7   8   1
8   8   9   1
9   9   10  1
10  10  11  1
11  11  12  1
12  12  13  1
13  13  14  1
14  14  15  1
15  15  16  1
16  16  17  1