For B31 Element Convergence Analysis -- 8 Elements
9   1   1   1   1
1   1   1   1   1   1   1   0.0   0.0   0.0 
2   0   0   0   0   0   0   6.25   0.0   0.0
3   0   0   0   0   0   0   12.5   0.0   0.0
4   0   0   0   0   0   0   18.75   0.0   0.0
5   0   0   0   0   0   0   25.0   0.0   0.0
6   0   0   0   0   0   0   31.25   0.0   0.0
7   0   0   0   0   0   0   37.5   0.0   0.0
8   0   0   0   0   0   0   43.75   0.0   0.0
9   0   0   0   0   0   0   50.0   0.0   0.0
1   1
9   3   -10.0E3
5   8   1
1   207.0E9   0.3   2   2   1
1   1   2   1
2   2   3   1
3   3   4   1
4   4   5   1
5   5   6   1
6   6   7   1
7   7   8   1
8   8   9   1